Language,English,Afrikaans,Amharic,Arabic,Belarusian,Bengali,Bulgarian,Burmese,Catalan,Khmer,Chinese,Croatian,Czech,Danish,Dutch,Estonian,Finnish,French,Georgian,German,Greek,Hausa,Hebrew,Hindi,Hungarian,Icelandic,Indonesian,Irish,Italian,Kazakh,Korean,Kurdish,Latvian,Latin,Lithuanian,Macedonian,Malagasy,Malay,Malayalam,Marathi,Norwegian,Persian,Polish,Portuguese,Romanian,Russian,Serbian,Sindhi,Sinhala,Spanish,Swahili,Swedish,Tamil,Telugu,Thai,Turkish,Ukrainian,Urdu,Uzbek,Vietnamese
English,1.0,0.7824688157520586,0.533759007467332,0.8767025426818499,0.6777609260508379,0.8421908636111698,0.8856274124391323,0.4550690471536633,0.8629283890820822,0.5167547322399972,0.8655939181464248,0.8797175025204909,0.8703409122286517,0.8929842939695604,0.8736400870157514,0.8626439945296948,0.8768494033014147,0.8495623390536976,0.5583909742613187,0.8933164583989253,0.8745567088648413,0.4022017450641932,0.8781454701815121,0.8321373698469949,0.866002259134545,0.8604066052665905,0.8828387546279661,0.4519948492292509,0.8685835804114751,0.4948409585715712,0.8395150188740825,0.46950220753039834,0.8572128289625921,0.6315939940703215,0.8560570846541902,0.8885175108976887,0.7748060660288454,0.875706142739719,0.776828042513852,0.7836293305643006,0.8882493995010686,0.8437858894043362,0.8749479888363648,0.9050897405903088,0.8924906719183987,0.878664689943285,0.8533161208999647,0.4184721197525079,0.8089336008440533,0.908306928268491,0.6710802157353393,0.892957099744049,0.6184684511459178,0.6889137080057899,0.8346232903127031,0.848795681852184,0.8675412255650079,0.7549487824681207,0.44196253770847677,0.8567573924516282
Afrikaans,0.7824688157520586,1.0,0.5890709934113204,0.7696574709158118,0.686231493694512,0.7663022945171302,0.7936145405695144,0.5244584405244466,0.7650835718430891,0.5773325881687239,0.770552359363367,0.7913946176322634,0.7905008245803614,0.8031254526229068,0.8095106968058792,0.7915432190451948,0.7946446265704219,0.7502376208342958,0.6119650680966884,0.8008149580504176,0.7801866605333574,0.44359870860715966,0.7837864748859572,0.7460542533183597,0.7860132084123308,0.7873082730805653,0.7895612508284525,0.4979955695742779,0.7757349747868472,0.5466690814114565,0.7655594442637337,0.5297038476301316,0.7775384014922819,0.6370196498191081,0.7761892851974733,0.7942657426030132,0.7359070504027527,0.7858939012642402,0.7458620345239185,0.7198266606400822,0.8037685074559149,0.773598776285465,0.7828417179482756,0.7883965854918317,0.7895999355533363,0.7842135687467003,0.7832836781326147,0.4299871908557699,0.762728687098442,0.791934719930531,0.629068152102697,0.8047278540956597,0.6201961929096145,0.668397191620806,0.7653928757074747,0.7481872399344524,0.7848685336984826,0.7089774108637712,0.4816290859511254,0.7798962706956672
Amharic,0.533759007467332,0.5890709934113204,1.0,0.5579760247774996,0.621169516970405,0.5909393649886011,0.5682285184994224,0.6650383171973719,0.5526724309305507,0.6698030506126372,0.5608730071473489,0.562542688338247,0.5730241158692222,0.5572932177563,0.563674916902308,0.5660097253716718,0.5643863795655416,0.5409206032817496,0.6756682620552659,0.5612255101630698,0.5609043928044365,0.4844410269745265,0.5540363520381728,0.5705225296358083,0.5709763417880371,0.5677937034237748,0.5637378606051344,0.5107187149182574,0.555560918854929,0.6091998262052478,0.5787387231342366,0.5734051112155645,0.5753455202480666,0.5807861157567662,0.5714335615070695,0.5686933776264089,0.5795794348112446,0.568332790906775,0.5945683188657338,0.5816733155659848,0.5585984757654873,0.5937570372090089,0.5667112564542183,0.5493823306248696,0.5536357092943702,0.5686147458919057,0.5778579753750163,0.4516380626936978,0.5959354024591937,0.5525951159927885,0.5528166350529964,0.5563385438433684,0.6002655361044816,0.5979090952360647,0.575725118173742,0.5560726076682542,0.5775973731239975,0.6091855342402508,0.5055527698685104,0.5658266230821384
Arabic,0.8767025426818499,0.7696574709158118,0.5579760247774996,1.0,0.6888364569648351,0.8389142736313745,0.8902510880240994,0.47838623897354554,0.8449506256807695,0.5415207698327527,0.8662374862089811,0.892403087878758,0.8799993486668266,0.8863193183615006,0.8669100892512105,0.8713381125710147,0.8814804259941066,0.8295691939981831,0.5959933275833457,0.8770012348393093,0.8809467154919397,0.4154184177700438,0.8964629282823731,0.8271128370136188,0.8728684735002067,0.8679493949493358,0.8910173741553998,0.4420653679823635,0.8592332491333297,0.5131815948129966,0.850705425128692,0.48026630945338894,0.8619114936248958,0.6344937250959092,0.8643239872879417,0.8911938334837919,0.7689870974867625,0.8846090696191158,0.7874362754918378,0.7691823002877802,0.882445303667647,0.8603567861331378,0.8853278766406792,0.8887766826518851,0.888237173625528,0.8849756277726785,0.8648721188076491,0.42866632658448217,0.8207948542189673,0.889224851521871,0.6749141678010269,0.8862716989075095,0.6297719334073596,0.6877523443834974,0.8569194908464963,0.8641232646863704,0.8729214859681835,0.7544513381086649,0.44049946633756426,0.8683228443671684
Belarusian,0.6777609260508379,0.686231493694512,0.621169516970405,0.6888364569648351,1.0,0.6965377389552782,0.7052832392449888,0.5824167266387927,0.6834943447632067,0.6194992737287892,0.6904815589810385,0.7044466782381892,0.7048976672445684,0.6936704914778841,0.6949721377482824,0.7006695352388564,0.693586351505216,0.655651643692342,0.6588772641761573,0.6930804374788911,0.6933867956839381,0.4915233781251036,0.6921159670369069,0.6796405779277309,0.6940820119228198,0.6991940187415462,0.7018878890099362,0.5558235964794245,0.6897600853251231,0.606136690587645,0.6992312565575516,0.603213540332546,0.7067784820316096,0.6422802456303317,0.701288235172916,0.7085039657381261,0.6606499995097362,0.6990261255531866,0.6956063047460189,0.6859200393473857,0.6955928026781456,0.7046598454014372,0.7018129940182601,0.6916182877969572,0.6938602957228658,0.7178124196956291,0.717095937067815,0.4483627540721177,0.6986110423598245,0.6884134234784424,0.6009765079564924,0.6912597696314583,0.5937298185543811,0.651257016695174,0.6959024110444098,0.6744326623810553,0.7399447588762489,0.6620603865460128,0.5387125399983806,0.7024070653322637
Bengali,0.8421908636111698,0.7663022945171302,0.5909393649886011,0.8389142736313745,0.6965377389552782,1.0,0.8483777394225862,0.5526776601058822,0.816470262593285,0.5895763802918799,0.8500467658199744,0.8435487523550809,0.8401132565781534,0.8459682894597662,0.8351439668125752,0.8455644889319391,0.8471762888259257,0.7976639117650431,0.6267087355184257,0.8490509410812282,0.828199193053043,0.43076163218740326,0.8404541300220721,0.8564376955150008,0.843890654380357,0.83926576556173,0.8554954751326078,0.4576630895375767,0.8223566075218105,0.5450474444441749,0.8510307937115849,0.5053865715371235,0.84130738231328,0.6326525437803923,0.8407519303036329,0.8586269934216149,0.7766279264677585,0.8519020102139501,0.8254272256159009,0.8044811484014849,0.8408489611061201,0.862695092430578,0.837983085248111,0.8369169851163847,0.8385043885801895,0.8501457814849891,0.8258545950930902,0.4493544610140387,0.8558071654797466,0.8364948319921146,0.6735959692489417,0.8450087264375535,0.6835441068153905,0.7344145794248077,0.8443789287735005,0.830708966681743,0.850799970178258,0.794147475705796,0.467395159579429,0.8515001399329712
Bulgarian,0.8856274124391323,0.7936145405695144,0.5682285184994224,0.8902510880240994,0.7052832392449888,0.8483777394225862,1.0,0.4982446034145347,0.8612686705386533,0.5498718683601517,0.8752339572267889,0.9243944112925907,0.9153036251442711,0.912742781806691,0.8915590592307374,0.9005764907228433,0.9076789006075875,0.8487366824472192,0.6036891555935409,0.9070639986582512,0.9018306800304045,0.4181074969178891,0.9026774101451035,0.826059068836702,0.8987908148881716,0.8902466477339206,0.8896618981950517,0.44419445827743104,0.8847337968675455,0.5290810815745863,0.8621780758147173,0.48842687467198526,0.8849841480463158,0.6379935561078068,0.8945000430168415,0.9339075790438023,0.7686969974139635,0.8857680603691709,0.7938539283162881,0.768735595060018,0.9102806990874034,0.869063940779789,0.911110715123649,0.9094626705884359,0.9197119385120506,0.9179687221788602,0.8987452502370332,0.434019230663435,0.8242321763543157,0.9100978863066846,0.6715452640690873,0.9149205289441131,0.6282103906716484,0.6844258420776466,0.861010331883293,0.8718961098017755,0.9059000406769018,0.762499132888574,0.44438251225043807,0.8773099042094441
Burmese,0.4550690471536633,0.5244584405244466,0.6650383171973719,0.47838623897354554,0.5824167266387927,0.5526776601058822,0.4982446034145347,1.0,0.4893534053953191,0.781520066371676,0.49987972333699543,0.48894913452160244,0.5044913947258248,0.49446031299319154,0.50420481411239,0.4975815708843234,0.4925453897661968,0.4829459893551762,0.7270863332222836,0.5005837198815543,0.49102244959332714,0.48743520976150784,0.47346905027925124,0.5089487907183965,0.5044359956729602,0.5018898624310354,0.4983077478658888,0.4665385234617185,0.48779108330669874,0.6753149137750825,0.5163564353139481,0.5979425812448023,0.5077351728134571,0.5262296718028562,0.5069263071738482,0.49716778426842084,0.535421303280835,0.5013890364561743,0.5747187499336491,0.5368641983977169,0.492316017358261,0.5266746263642184,0.4986931208767653,0.47967983133862463,0.48732629350734435,0.5058836103114531,0.5069492600071984,0.3953849351906014,0.5566750292883532,0.48409512377595904,0.4904677359128695,0.4918954499219067,0.588250870937142,0.5857447209247594,0.5240960940793548,0.47427215259298483,0.5128069119667432,0.5581494811506531,0.49274955316303165,0.5237871391911346
Catalan,0.8629283890820822,0.7650835718430891,0.5526724309305507,0.8449506256807695,0.6834943447632067,0.816470262593285,0.8612686705386533,0.4893534053953191,1.0,0.5385557248418248,0.8291134415311241,0.8608968730955487,0.8493933485958692,0.858155392397852,0.8508429164380966,0.8416857226757014,0.8473662309351326,0.8246271086878578,0.5838210263822703,0.8514985356054586,0.8503543482894448,0.4163076496123675,0.8466098596050209,0.8004940953396436,0.8436480737439713,0.837852216776532,0.8533738138698057,0.45807653784128666,0.860771652753707,0.5158479557898586,0.815640496409458,0.4953352614602862,0.8349242391940582,0.6309126891900358,0.8345380677159695,0.8671181151050205,0.7556380358196929,0.8464290052890078,0.7668613692546579,0.7466671927875943,0.8564756664337692,0.8282598482820677,0.8562524462041188,0.8709161306430445,0.8673264424003697,0.8523842026594366,0.8322854158505241,0.4201287349631611,0.7957881181067126,0.8900619549989566,0.6570661411641255,0.8560048714276506,0.6183031065169565,0.6720130470869615,0.8217241279577894,0.8204656965409585,0.8466120611351561,0.7327282675740564,0.4610772723169098,0.8418329871675254
Khmer,0.5167547322399972,0.5773325881687239,0.6698030506126372,0.5415207698327527,0.6194992737287892,0.5895763802918799,0.5498718683601517,0.781520066371676,0.5385557248418248,1.0,0.551835787519445,0.5433937183094905,0.5529721999371675,0.5517483526238144,0.553004013808573,0.549938532898056,0.5493100061385305,0.5373071626860252,0.7214589361451735,0.5506870509611976,0.5488818930102629,0.49291463439956146,0.5379215777202243,0.5626686248471489,0.5533000016360476,0.5591816583501684,0.5608768948374746,0.5086085240446537,0.5388618265186723,0.6575336333197681,0.560737291604146,0.6097184059476316,0.5597986582230854,0.5667141163501839,0.554913539680552,0.5510869685995337,0.5616206231492561,0.5671807216264811,0.60960413146199,0.5825795754182641,0.5487414944093428,0.571357836178362,0.5498069157414034,0.5400709236800776,0.544863110716566,0.5532422181911162,0.5624863702348474,0.4315391898880583,0.6045270724424548,0.5415163037791566,0.5324494841648477,0.5490755915165577,0.6107516398629335,0.624172171170919,0.5769466073479876,0.5229301999071091,0.5630352028919536,0.5894708585129007,0.5074227904809556,0.5792639976899695
Chinese,0.8655939181464248,0.770552359363367,0.5608730071473489,0.8662374862089811,0.6904815589810385,0.8500467658199744,0.8752339572267889,0.49987972333699543,0.8291134415311241,0.551835787519445,1.0,0.8758621612783972,0.8729593753915093,0.8707987122580161,0.8657708063004601,0.8636366767256578,0.8685680061353221,0.8156679562224669,0.594729987836574,0.8781550816775369,0.8529279179954379,0.41783215079375013,0.8683872227073952,0.8294552621661864,0.8671577018216419,0.8533272175646125,0.8812634068780696,0.44083149175098313,0.8512836830396505,0.5268131078211421,0.8723911487367567,0.4876156957495181,0.8594941454279423,0.6261521089499267,0.8606019673789765,0.8756130391421922,0.7695926879514653,0.8750701240150179,0.7999436357029517,0.7825334032755432,0.8637891307915351,0.862638377721769,0.874446166384284,0.8723874231106947,0.8674119081932757,0.8878641559160336,0.848623864367182,0.4267603300752323,0.8328944602381487,0.867674123562153,0.6595935676496448,0.8696902228376991,0.6393879447592496,0.6955571649264275,0.8652410364784038,0.8594202906447415,0.8751562749769332,0.7572304044356085,0.4431694524965137,0.8801690152552364
Croatian,0.8797175025204909,0.7913946176322634,0.562542688338247,0.892403087878758,0.7044466782381892,0.8435487523550809,0.9243944112925907,0.48894913452160244,0.8608968730955487,0.5433937183094905,0.8758621612783972,1.0,0.9238701402707714,0.905843011298743,0.8925509359186325,0.8978841128607213,0.9050595169860053,0.8408810669342209,0.5949188390029193,0.9070765592264309,0.8941097799939856,0.4142368240873677,0.8998543022022661,0.8241282143116376,0.899869760646108,0.8794462272883521,0.8926784455681578,0.4460343349166196,0.8854423664435432,0.5227303162855695,0.8601201436684766,0.4871276790321343,0.8877609630450594,0.6456833380104537,0.8954988060445406,0.923008098760411,0.7626948629176223,0.8845006083768598,0.7897231057057169,0.7680118882658818,0.9046750194678246,0.8695803931201739,0.918790225369689,0.9035983492349413,0.9138302957496545,0.9162762635474441,0.9114185228640832,0.4290466790546072,0.8183941128640477,0.9039847729048957,0.6694398550284099,0.9070542708490622,0.6224791813099615,0.6803887352453195,0.8600088377461532,0.881291843976903,0.9067458542543784,0.7541783427500129,0.44519038879625067,0.8789771938294219
Czech,0.8703409122286517,0.7905008245803614,0.5730241158692222,0.8799993486668266,0.7048976672445684,0.8401132565781534,0.9153036251442711,0.5044913947258248,0.8493933485958692,0.5529721999371675,0.8729593753915093,0.9238701402707714,1.0,0.8972145696691747,0.8892778778509947,0.8968729808507198,0.8972643475419456,0.830575698447543,0.6105290230064836,0.905031387030148,0.8860651191607661,0.41886760061058304,0.8857058281086142,0.8162065179690388,0.9017131725701582,0.8704329824771322,0.8802923514154464,0.4462947772786188,0.8770994368143746,0.5355066396391875,0.8554437398342563,0.49627598538334466,0.8882663375416568,0.6489384838767984,0.8996410383256372,0.9072850097517834,0.7695747570296626,0.8731240409039563,0.7834407007385182,0.7692903931105052,0.8938025071531197,0.8667537843909459,0.9104434041687132,0.8888762543921124,0.8997005846818977,0.9064866374182423,0.8836261887064414,0.42999503966148767,0.8189249373051666,0.8940833103067541,0.6763405302853479,0.8991473905991123,0.6249760433800189,0.683754677350113,0.8499700106729606,0.8786376752345814,0.8951030373107816,0.7577961048169378,0.4463659105015643,0.8618165659056143
Danish,0.8929842939695604,0.8031254526229068,0.5572932177563,0.8863193183615006,0.6936704914778841,0.8459682894597662,0.912742781806691,0.49446031299319154,0.858155392397852,0.5517483526238144,0.8707987122580161,0.905843011298743,0.8972145696691747,1.0,0.9103009123515704,0.8932284139051082,0.9205564424035927,0.8501621019097882,0.5936253896613914,0.9156792387510276,0.8887638327423426,0.41364198202458774,0.8974607364020183,0.8254034447831023,0.8902681363900267,0.908914473265723,0.897226358936228,0.44279933554164985,0.8729976824264654,0.5169092673358311,0.8581619809293557,0.4824263341802637,0.8785839804467827,0.6316109444407907,0.8809004201387733,0.9145895309498728,0.7650368882731553,0.8878550751513479,0.8020365685081424,0.7685247893413342,0.9573064918481387,0.8615717475743491,0.9009119174205342,0.9035119400485399,0.9095835739650674,0.8972591374656415,0.8795973184270146,0.42910809504306174,0.8300953451013698,0.9038239838812206,0.6628615885411021,0.942495861957629,0.639503899281755,0.6894316000339527,0.8588837231686839,0.8550723912859775,0.8861156245221844,0.7603492015608476,0.44050456653511494,0.8850751344057793
Dutch,0.8736400870157514,0.8095106968058792,0.563674916902308,0.8669100892512105,0.6949721377482824,0.8351439668125752,0.8915590592307374,0.50420481411239,0.8508429164380966,0.553004013808573,0.8657708063004601,0.8925509359186325,0.8892778778509947,0.9103009123515704,1.0,0.8772284916851525,0.8928332147657501,0.84451582534451,0.5927753216203981,0.9118706880088913,0.8792435868282925,0.41631776037586116,0.8709886177508972,0.8185459512781518,0.8815158585390612,0.8718202404493145,0.8691696833753823,0.4478040069273544,0.8687357440644524,0.5245824683269951,0.8471035468224271,0.48946820640307237,0.8614109251678321,0.6329225418905977,0.8653673768956746,0.8882389938755292,0.7630001339531163,0.8595089014776195,0.7959517546728576,0.762127915733106,0.9021101805710956,0.847164665858178,0.8873145443049577,0.8913705783764609,0.8908452325535621,0.8858903752557252,0.8615076274349686,0.42372135889809603,0.8211425113243176,0.8969557085338553,0.6600845156738955,0.9091914299242556,0.6373153894235578,0.6845119686014199,0.8370395175485171,0.8484658258649794,0.8741146023097157,0.7560901695053804,0.4436870640487236,0.8669787656756627
Estonian,0.8626439945296948,0.7915432190451948,0.5660097253716718,0.8713381125710147,0.7006695352388564,0.8455644889319391,0.9005764907228433,0.4975815708843234,0.8416857226757014,0.549938532898056,0.8636366767256578,0.8978841128607213,0.8968729808507198,0.8932284139051082,0.8772284916851525,1.0,0.9101455631521145,0.8201302162616919,0.6133244342021594,0.8852378778625294,0.8709570233913526,0.4206453809888071,0.8799798174190211,0.8209322387694218,0.8925530411534143,0.8750048284106359,0.8816553287623325,0.4484284663819727,0.8590972228189128,0.5331332542491463,0.8542071888050371,0.4954318069671182,0.8829113418913033,0.640776795366079,0.8927163251938951,0.8994443784442516,0.7650717577958731,0.8730716328952675,0.786739383121879,0.7657421727865479,0.8912644640437807,0.8640907816373147,0.8927192156380543,0.8780927116902206,0.8879118585341912,0.8927490016758489,0.8692007765885399,0.43736846827021786,0.8221679109390433,0.8756422181057232,0.6706805790410703,0.8916031527787773,0.6273721118049458,0.686321626830668,0.8496193923028599,0.861997483750486,0.8891740943614406,0.7578609454480049,0.44973467035728915,0.862145605111874
Finnish,0.8768494033014147,0.7946446265704219,0.5643863795655416,0.8814804259941066,0.693586351505216,0.8471762888259257,0.9076789006075875,0.4925453897661968,0.8473662309351326,0.5493100061385305,0.8685680061353221,0.9050595169860053,0.8972643475419456,0.9205564424035927,0.8928332147657501,0.9101455631521145,1.0,0.8383288681944123,0.6066435814032188,0.8981166114786282,0.8843208825243974,0.4128777425750818,0.892817088716901,0.820924402766204,0.8967375995231559,0.8890661410758212,0.8881256230573521,0.443928268669252,0.8684997003093704,0.5240019833920402,0.858172402899712,0.48566164328891726,0.8793638553857909,0.637474030390061,0.8833314592786272,0.9039699967983491,0.761431683050219,0.8841961542281644,0.7823830599873108,0.764099474607179,0.9121952624274128,0.8620603342031778,0.9003208517854355,0.8936668201744713,0.9011970583532873,0.8943878044985314,0.8732060073512651,0.42740272907679083,0.8217764364980834,0.8938748919081232,0.6694849953283698,0.9190099114350387,0.6235357019291122,0.6795965060153467,0.8557263216139548,0.8665001009142078,0.8852044192631469,0.7577256331218913,0.44201308266649014,0.8708252138339522
French,0.8495623390536976,0.7502376208342958,0.5409206032817496,0.8295691939981831,0.655651643692342,0.7976639117650431,0.8487366824472192,0.4829459893551762,0.8246271086878578,0.5373071626860252,0.8156679562224669,0.8408810669342209,0.830575698447543,0.8501621019097882,0.84451582534451,0.8201302162616919,0.8383288681944123,1.0,0.5588643264827846,0.8508803027081823,0.838249753256939,0.42115097525798717,0.8330519546507236,0.7778748451544224,0.8286342373726412,0.8167193884063298,0.832015705780561,0.4680838550493666,0.8503886284628621,0.5004184191289079,0.7944329041108977,0.48726521527034433,0.8077340087548486,0.6154726602947438,0.8150966632091992,0.839629373705829,0.7427912925140199,0.8247340141610024,0.7493348955617357,0.7298979944829059,0.8421238135877062,0.8017167591943852,0.8402216530581939,0.8635712203830469,0.8546077930441665,0.8436675878126251,0.8126564778534191,0.4058977438338556,0.7720206025152566,0.866139553617752,0.6412721344520499,0.8488201152966667,0.5925634498336396,0.6466749513576899,0.7947027805631047,0.8030909716071245,0.8228296569257655,0.7171487151285031,0.46612022483086735,0.8189480526850089
Georgian,0.5583909742613187,0.6119650680966884,0.6756682620552659,0.5959933275833457,0.6588772641761573,0.6267087355184257,0.6036891555935409,0.7270863332222836,0.5838210263822703,0.7214589361451735,0.594729987836574,0.5949188390029193,0.6105290230064836,0.5936253896613914,0.5927753216203981,0.6133244342021594,0.6066435814032188,0.5588643264827846,1.0,0.5912658679957128,0.5993969156802571,0.4875304363445832,0.5957128181826624,0.5970029470538686,0.6112443599369183,0.6108302474862857,0.6063565316454191,0.48295760171571106,0.5808514124086589,0.6619252168200026,0.6170762475329833,0.6049756276148617,0.6187014859820212,0.5931019401491604,0.6188732631933272,0.6088737181938088,0.5969039266906792,0.6051608758665575,0.6241250446903628,0.6317916760239026,0.5957787485132223,0.6272822446249191,0.6012540013143637,0.5842475652172016,0.5906151119259624,0.6053156711715176,0.6162001793926707,0.4381625074776155,0.6314915358347583,0.5820918801061715,0.5613379570407864,0.5948491319701302,0.6148190926291491,0.6446141978672264,0.6157868192790159,0.5862598272153696,0.6188599384647907,0.6177841242899392,0.4956104610932666,0.60810309062563
German,0.8933164583989253,0.8008149580504176,0.5612255101630698,0.8770012348393093,0.6930804374788911,0.8490509410812282,0.9070639986582512,0.5005837198815543,0.8514985356054586,0.5506870509611976,0.8781550816775369,0.9070765592264309,0.905031387030148,0.9156792387510276,0.9118706880088913,0.8852378778625294,0.8981166114786282,0.8508803027081823,0.5912658679957128,1.0,0.8854128490271517,0.4118087540901984,0.8851585579622328,0.831459185847191,0.8995633360228331,0.8751343793233007,0.8790668062997122,0.44228239159391763,0.8820358105726781,0.5226812367285024,0.857647704758246,0.48201198297325626,0.8755796241173822,0.6294799558604796,0.881823334966598,0.8952724193348506,0.7649928464215194,0.8729454815714378,0.8022359592026792,0.77818959489008,0.9060604625327068,0.8588099769529519,0.8980973317143537,0.9004338068505521,0.9025770176272975,0.9043027483285973,0.8696026609021554,0.4304059663342411,0.8225608306185974,0.9040805491727714,0.6664790197707744,0.9100041860546402,0.6334916436731541,0.6832611579148562,0.8421481098577952,0.8678287736503825,0.8877080635447264,0.7642612857066626,0.442076390563357,0.8698673777627698
Greek,0.8745567088648413,0.7801866605333574,0.5609043928044365,0.8809467154919397,0.6933867956839381,0.828199193053043,0.9018306800304045,0.49102244959332714,0.8503543482894448,0.5488818930102629,0.8529279179954379,0.8941097799939856,0.8860651191607661,0.8887638327423426,0.8792435868282925,0.8709570233913526,0.8843208825243974,0.838249753256939,0.5993969156802571,0.8854128490271517,1.0,0.42269768850616357,0.8863841043459815,0.808596713536036,0.8830052493775864,0.8629208846161895,0.8717393933433921,0.4534455353949916,0.8720403469164347,0.5226298277729797,0.8342364864144318,0.4914098077434037,0.8569031228668083,0.6418306464777435,0.8633253542878002,0.8880792426837444,0.7584887149232152,0.8670866303359953,0.7798476351404231,0.7563571937380945,0.8830133473635748,0.8499995989131987,0.8931275172319191,0.8970218361158502,0.9024732368345576,0.8827504721040066,0.865620788250574,0.42560621663335985,0.8097494439004658,0.9008500104098083,0.6700947632703352,0.8907855655342098,0.6228259537840121,0.6786235729352826,0.8363162181666353,0.8594232909708727,0.8691884449134192,0.7482127315006818,0.4464312278209413,0.8542370019887968
Hausa,0.4022017450641932,0.44359870860715966,0.4844410269745265,0.4154184177700438,0.4915233781251036,0.43076163218740326,0.4181074969178891,0.48743520976150784,0.4163076496123675,0.49291463439956146,0.41783215079375013,0.4142368240873677,0.41886760061058304,0.41364198202458774,0.41631776037586116,0.4206453809888071,0.4128777425750818,0.42115097525798717,0.4875304363445832,0.4118087540901984,0.42269768850616357,1.0,0.41131837348912925,0.42151452534271416,0.4169993660237614,0.42113343274595266,0.4248685427336896,0.4895035955831233,0.42476445884542285,0.5085633773597409,0.4230558109579375,0.5147623443666072,0.42258712586757574,0.4700804587984208,0.4195015974380896,0.4180061965917286,0.4284374124443402,0.42733224731681185,0.43748744363635195,0.43611628254796364,0.4131520934832851,0.4295776982502102,0.417303296666561,0.413522742713116,0.4166193759106704,0.4184795879108812,0.43034374606778664,0.4011073832121867,0.4402716987645349,0.413689949217532,0.45433361121876004,0.41200651303276087,0.44185837091819474,0.45335005374976795,0.42482281441446795,0.40380543812691905,0.42302456347190587,0.43566108756497196,0.4700759976362513,0.42617183458378227
Hebrew,0.8781454701815121,0.7837864748859572,0.5540363520381728,0.8964629282823731,0.6921159670369069,0.8404541300220721,0.9026774101451035,0.47346905027925124,0.8466098596050209,0.5379215777202243,0.8683872227073952,0.8998543022022661,0.8857058281086142,0.8974607364020183,0.8709886177508972,0.8799798174190211,0.892817088716901,0.8330519546507236,0.5957128181826624,0.8851585579622328,0.8863841043459815,0.41131837348912925,1.0,0.8224105757545176,0.8819830915711816,0.8749860898239064,0.8902923634987467,0.43818382081181073,0.8588299206897351,0.5123333936320305,0.8533144083243431,0.47946891299141664,0.8690961171733995,0.6333962727939946,0.8732358596507769,0.9057048315151117,0.7671539255559603,0.8865156544580571,0.782170827182759,0.7720505636848121,0.8927756342555436,0.8625197547842626,0.8938789315043754,0.8907973913481259,0.9009486406746433,0.8930245231968104,0.8732551651378411,0.4246587348330153,0.8219856783939228,0.8880907315490386,0.668618392251549,0.8983885151413387,0.6255265409237261,0.6865519964207307,0.8596092658207162,0.860142131249535,0.8848710288844853,0.7496520059541996,0.44221326296520297,0.8700669320194302
Hindi,0.8321373698469949,0.7460542533183597,0.5705225296358083,0.8271128370136188,0.6796405779277309,0.8564376955150008,0.826059068836702,0.5089487907183965,0.8004940953396436,0.5626686248471489,0.8294552621661864,0.8241282143116376,0.8162065179690388,0.8254034447831023,0.8185459512781518,0.8209322387694218,0.820924402766204,0.7778748451544224,0.5970029470538686,0.831459185847191,0.808596713536036,0.42151452534271416,0.8224105757545176,1.0,0.8166575000245406,0.8220572331203553,0.8381828800655344,0.4527767526656149,0.8033543522773294,0.5220875025936741,0.8345057603528379,0.4945825388743731,0.8186836551252058,0.6110863993350241,0.8179805960654717,0.837367139406591,0.7501715997205579,0.8358500800806107,0.8119758434388981,0.817064066131866,0.8195686641705082,0.8394988042053491,0.8141471126781912,0.8212871844767072,0.8229374975002998,0.8310190633625756,0.807512429149535,0.4515644858425503,0.8344456736772989,0.8227406329794402,0.6500580207388341,0.8265316372491259,0.6794285647753413,0.7389494605656084,0.8194795321065764,0.8188300760719683,0.8280032570317724,0.7966291149757371,0.45631893189425826,0.8358080918669425
Hungarian,0.866002259134545,0.7860132084123308,0.5709763417880371,0.8728684735002067,0.6940820119228198,0.843890654380357,0.8987908148881716,0.5044359956729602,0.8436480737439713,0.5533000016360476,0.8671577018216419,0.899869760646108,0.9017131725701582,0.8902681363900267,0.8815158585390612,0.8925530411534143,0.8967375995231559,0.8286342373726412,0.6112443599369183,0.8995633360228331,0.8830052493775864,0.4169993660237614,0.8819830915711816,0.8166575000245406,1.0,0.8633246282197414,0.8729012054067663,0.44495625332776795,0.8691240441320673,0.5353433721585698,0.8475342272459817,0.4930893092526095,0.870656837218762,0.6456919033210294,0.883495893563422,0.8919978355205092,0.7632031322431194,0.8654117565584969,0.783754912386172,0.7658814347440113,0.8847305277109951,0.8616794879853651,0.8986507962534993,0.8873674502573844,0.8910203093320754,0.895560607946111,0.8656201352086818,0.4297786031411461,0.8161348669884129,0.8867674590891648,0.6704465051243291,0.887302859877004,0.6209557776529737,0.6790575483365922,0.842409918893022,0.8737445324788382,0.882200499561679,0.7518425379978152,0.4485136523381638,0.855202791505313
Icelandic,0.8604066052665905,0.7873082730805653,0.5677937034237748,0.8679493949493358,0.6991940187415462,0.83926576556173,0.8902466477339206,0.5018898624310354,0.837852216776532,0.5591816583501684,0.8533272175646125,0.8794462272883521,0.8704329824771322,0.908914473265723,0.8718202404493145,0.8750048284106359,0.8890661410758212,0.8167193884063298,0.6108302474862857,0.8751343793233007,0.8629208846161895,0.42113343274595266,0.8749860898239064,0.8220572331203553,0.8633246282197414,1.0,0.8815206012528576,0.44948520181456836,0.8439637457178232,0.5262932494360496,0.8535048333943641,0.4914862043519129,0.8627117060853644,0.6298811847550552,0.8619374053036243,0.8964395745293083,0.7613852957718932,0.8786764364612005,0.796912432813504,0.7704027810634919,0.9075130496435966,0.8529817237986815,0.8743925700392959,0.8770235185925107,0.8798900646150165,0.8707935467617033,0.8604687338756696,0.43536770416414045,0.8267628390984882,0.8723465108241326,0.6609628595816165,0.9079513936928572,0.6435348807924116,0.6985511218816507,0.8568300882779932,0.8392777352731642,0.8713141018529238,0.7531857486849889,0.4448430783188349,0.8742835225309736
Indonesian,0.8828387546279661,0.7895612508284525,0.5637378606051344,0.8910173741553998,0.7018878890099362,0.8554954751326078,0.8896618981950517,0.4983077478658888,0.8533738138698057,0.5608768948374746,0.8812634068780696,0.8926784455681578,0.8802923514154464,0.897226358936228,0.8691696833753823,0.8816553287623325,0.8881256230573521,0.832015705780561,0.6063565316454191,0.8790668062997122,0.8717393933433921,0.4248685427336896,0.8902923634987467,0.8381828800655344,0.8729012054067663,0.8815206012528576,1.0,0.4556347329390809,0.8605395490090862,0.5245887446408374,0.8702561751580715,0.4943288642087675,0.8680545308629616,0.6356863480699527,0.8735509078325697,0.9025521709039863,0.7805845992436676,0.9437129931262596,0.7994375535314754,0.7716639864592045,0.892342125442295,0.8715896335030128,0.8866265531294626,0.8911358421938619,0.8929076700403846,0.8868364496743188,0.864157306481866,0.43436015523464533,0.8397837238192792,0.8885641382122219,0.6800999380855554,0.8914398849703453,0.6421318898669327,0.7061327678469506,0.8860564633456485,0.8520728893148021,0.881949095718922,0.7604585410139438,0.4498451907766552,0.9044882871618616
Irish,0.4519948492292509,0.4979955695742779,0.5107187149182574,0.4420653679823635,0.5558235964794245,0.4576630895375767,0.44419445827743104,0.4665385234617185,0.45807653784128666,0.5086085240446537,0.44083149175098313,0.4460343349166196,0.4462947772786188,0.44279933554164985,0.4478040069273544,0.4484284663819727,0.443928268669252,0.4680838550493666,0.48295760171571106,0.44228239159391763,0.4534455353949916,0.4895035955831233,0.43818382081181073,0.4527767526656149,0.44495625332776795,0.44948520181456836,0.4556347329390809,1.0,0.4587373975731353,0.5319601688095567,0.4471326653180045,0.6307317006267705,0.45225046714894646,0.575766843913031,0.4421524275350861,0.45260736509058325,0.4789133723429093,0.4556949463083763,0.46888822908109323,0.4641267317364268,0.4436392445470511,0.4536794488546834,0.4436124542391911,0.44779163006234113,0.44330122183848725,0.44684177150680754,0.4641265872255195,0.35186554184722757,0.46134291928257065,0.4475779734339051,0.4434728100187024,0.44229900470734335,0.4224857594116546,0.4887227644240442,0.44927441461950596,0.42540334885889985,0.45093449220233095,0.4524105208999186,0.6014589311863494,0.45131801989737835
Italian,0.8685835804114751,0.7757349747868472,0.555560918854929,0.8592332491333297,0.6897600853251231,0.8223566075218105,0.8847337968675455,0.48779108330669874,0.860771652753707,0.5388618265186723,0.8512836830396505,0.8854423664435432,0.8770994368143746,0.8729976824264654,0.8687357440644524,0.8590972228189128,0.8684997003093704,0.8503886284628621,0.5808514124086589,0.8820358105726781,0.8720403469164347,0.42476445884542285,0.8588299206897351,0.8033543522773294,0.8691240441320673,0.8439637457178232,0.8605395490090862,0.4587373975731353,1.0,0.5201300784045089,0.8265390443649295,0.4949635721251679,0.8495636778992073,0.6338835715791954,0.8524575616651093,0.8779278540751413,0.7507848284146934,0.8544783940399341,0.7734020977412888,0.7570119560664152,0.8669409183925813,0.8367519373998572,0.8786811907988339,0.8895344437921736,0.8874929466616333,0.8781433635895746,0.8480441352093413,0.4241840233123018,0.7946095998044383,0.8960901022096651,0.6532915213005791,0.8727328303479814,0.6067478299795885,0.6631724290011773,0.8250304687915669,0.8496425436140815,0.8603664738566918,0.7419422037820644,0.4597983536458347,0.8453097111795804
Kazakh,0.4948409585715712,0.5466690814114565,0.6091998262052478,0.5131815948129966,0.606136690587645,0.5450474444441749,0.5290810815745863,0.6753149137750825,0.5158479557898586,0.6575336333197681,0.5268131078211421,0.5227303162855695,0.5355066396391875,0.5169092673358311,0.5245824683269951,0.5331332542491463,0.5240019833920402,0.5004184191289079,0.6619252168200026,0.5226812367285024,0.5226298277729797,0.5085633773597409,0.5123333936320305,0.5220875025936741,0.5353433721585698,0.5262932494360496,0.5245887446408374,0.5319601688095567,0.5201300784045089,1.0,0.5328989756840702,0.6240179689743157,0.5390871383726221,0.5592728343690384,0.5389702159516443,0.5248588695946741,0.5317093763088215,0.526464229928101,0.5450639057700294,0.5485146634136142,0.5175430277334481,0.5418373716019985,0.5284293480950437,0.5141026909817267,0.5182319446760183,0.5329538911425515,0.5400897513491923,0.40476707905889475,0.5528539009604098,0.5112543398301239,0.5167780084719025,0.5159634155410924,0.536544001155929,0.5708870674183345,0.5327678853071947,0.5158645581422724,0.537928412544034,0.5384062222037252,0.5512226859177057,0.5260996918809152
Korean,0.8395150188740825,0.7655594442637337,0.5787387231342366,0.850705425128692,0.6992312565575516,0.8510307937115849,0.8621780758147173,0.5163564353139481,0.815640496409458,0.560737291604146,0.8723911487367567,0.8601201436684766,0.8554437398342563,0.8581619809293557,0.8471035468224271,0.8542071888050371,0.858172402899712,0.7944329041108977,0.6170762475329833,0.857647704758246,0.8342364864144318,0.4230558109579375,0.8533144083243431,0.8345057603528379,0.8475342272459817,0.8535048333943641,0.8702561751580715,0.4471326653180045,0.8265390443649295,0.5328989756840702,1.0,0.4970754311593039,0.8553600998663704,0.6280558325184304,0.8569123698443402,0.8689055226273669,0.7626681428205713,0.8656906430190573,0.8027949707607889,0.7788211334581373,0.8554801048690243,0.8580672789629553,0.8562514317671531,0.8498992243936254,0.8471069597236353,0.8653833366841697,0.8386039531839832,0.4352344735631444,0.8380540027116623,0.8428163783536037,0.6609635703621608,0.8552285515617309,0.6491008432095176,0.7114400234938364,0.8578612587526906,0.8502233550719268,0.867765513969395,0.7606278010966271,0.4485435987925681,0.8689071628407942
Kurdish,0.46950220753039834,0.5297038476301316,0.5734051112155645,0.48026630945338894,0.603213540332546,0.5053865715371235,0.48842687467198526,0.5979425812448023,0.4953352614602862,0.6097184059476316,0.4876156957495181,0.4871276790321343,0.49627598538334466,0.4824263341802637,0.48946820640307237,0.4954318069671182,0.48566164328891726,0.48726521527034433,0.6049756276148617,0.48201198297325626,0.4914098077434037,0.5147623443666072,0.47946891299141664,0.4945825388743731,0.4930893092526095,0.4914862043519129,0.4943288642087675,0.6307317006267705,0.4949635721251679,0.6240179689743157,0.4970754311593039,1.0,0.497760377050747,0.5904924427021326,0.49356379264992406,0.4910527744025331,0.5032528107310393,0.49713618868559306,0.5125326124592133,0.5164153354859854,0.4846164026673587,0.5063604131887761,0.4909393221553209,0.4812406140235547,0.48500948961954843,0.4898858351214714,0.5033873446120612,0.38120691968032916,0.514171783602191,0.4824631240076045,0.48969348282008646,0.4831461993054851,0.48631896997884794,0.5397341029016619,0.4989224238979204,0.47516008546690985,0.4985328608510311,0.502004180384981,0.5835424260453766,0.4997286780865407
Latvian,0.8572128289625921,0.7775384014922819,0.5753455202480666,0.8619114936248958,0.7067784820316096,0.84130738231328,0.8849841480463158,0.5077351728134571,0.8349242391940582,0.5597986582230854,0.8594941454279423,0.8877609630450594,0.8882663375416568,0.8785839804467827,0.8614109251678321,0.8829113418913033,0.8793638553857909,0.8077340087548486,0.6187014859820212,0.8755796241173822,0.8569031228668083,0.42258712586757574,0.8690961171733995,0.8186836551252058,0.870656837218762,0.8627117060853644,0.8680545308629616,0.45225046714894646,0.8495636778992073,0.5390871383726221,0.8553600998663704,0.497760377050747,1.0,0.6420833722602264,0.9028336841170428,0.8931396082393103,0.7609466656299065,0.8645132276282184,0.7867001258412502,0.7648521672447199,0.8756475029168042,0.8535301017963108,0.8796623567877004,0.86456225028679,0.8724539686708832,0.8898703881644892,0.8649392524702578,0.43670981402044895,0.8219647593894552,0.8620013860264738,0.6734928310861072,0.8759676524725449,0.6363907527476866,0.6983604432894828,0.8477406619009844,0.8435455467172271,0.8870052158615017,0.7545359256023252,0.4535487341090592,0.8580365676237964
Latin,0.6315939940703215,0.6370196498191081,0.5807861157567662,0.6344937250959092,0.6422802456303317,0.6326525437803923,0.6379935561078068,0.5262296718028562,0.6309126891900358,0.5667141163501839,0.6261521089499267,0.6456833380104537,0.6489384838767984,0.6316109444407907,0.6329225418905977,0.640776795366079,0.637474030390061,0.6154726602947438,0.5931019401491604,0.6294799558604796,0.6418306464777435,0.4700804587984208,0.6333962727939946,0.6110863993350241,0.6456919033210294,0.6298811847550552,0.6356863480699527,0.575766843913031,0.6338835715791954,0.5592728343690384,0.6280558325184304,0.5904924427021326,0.6420833722602264,1.0,0.6410171285467449,0.6415204466973213,0.6139844145565657,0.6363512785935891,0.6046808352244346,0.6118989935361704,0.6327902362797949,0.6403935929650574,0.6445322940674607,0.6338851688152723,0.637695438371229,0.6317241162332186,0.6494834295121159,0.4102508658509263,0.6289066304759678,0.6347708814736324,0.57239158397894,0.6313356383287464,0.53157775326775,0.6000546014889931,0.6275452408113488,0.6272268911068041,0.6399801422601319,0.6016440248144396,0.5366981980184925,0.6268515979645408
