Language,English,Afrikaans,Amharic,Arabic,Belarusian,Bengali,Bulgarian,Burmese,Catalan,Khmer,Chinese,Croatian,Czech,Danish,Dutch,Estonian,Finnish,French,Georgian,German,Greek,Hausa,Hebrew,Hindi,Hungarian,Icelandic,Indonesian,Irish,Italian,Kazakh,Korean,Kurdish,Latvian,Latin,Lithuanian,Macedonian,Malagasy,Malay,Malayalam,Marathi,Norwegian,Persian,Polish,Portuguese,Romanian,Russian,Serbian,Sindhi,Sinhala,Spanish,Swahili,Swedish,Tamil,Telugu,Thai,Turkish,Ukrainian,Urdu,Uzbek,Vietnamese
English,1.0,0.808822059679359,0.5339720614219233,0.8936063749652413,0.7098113354245337,0.8724191991774971,0.9102245708619111,0.46215461064326485,0.8713656641316401,0.5144178844286618,0.8825676409713482,0.8979133822260689,0.8998176843178726,0.9159741532869468,0.8881590151698976,0.8978337194561828,0.8967939070369964,0.8648564398551406,0.6244773913686932,0.8900598982672038,0.8917191874430186,0.3661655393441993,0.9010586384150854,0.8463684668433423,0.8853993227917685,0.8706010636798309,0.8995472209435043,0.48204240181010527,0.8733421464493328,0.5171241196149557,0.8224721351440132,0.5048466571943383,0.8933434330024221,0.677017111967849,0.8868374542937066,0.9055461991266165,0.8195455175694059,0.8992147267116577,0.816161245241709,0.8096458578422228,0.9074773320751599,0.8649532435293423,0.8857688756323959,0.9156756768129312,0.9138032187879739,0.8883594661463188,0.8725047987985519,0.3419373692243522,0.8195551929532142,0.923262552603689,0.7521574092611009,0.9138543149090462,0.6300426583962944,0.7503102472332515,0.8548208094975884,0.8504314777268688,0.8864074973814509,0.7946505819698256,0.4896961407894379,0.8706021507021551
Afrikaans,0.808822059679359,1.0,0.5588153696023849,0.7910204524123864,0.7297611074428523,0.7877403451018102,0.801145974283252,0.535211974671991,0.7793489850538784,0.5766184125342586,0.7854652808351597,0.8015269628515217,0.8015817397855948,0.8189325099531455,0.8101727682943367,0.801802603707842,0.8058988268097923,0.7889607619981241,0.6666276974956267,0.8006180644800613,0.7972394267514593,0.4095473204791739,0.7990256865428428,0.7751660674956122,0.793628534442997,0.7978099907491921,0.801557458638081,0.5417043267135182,0.7812364613370671,0.5815602065889925,0.7558013625246897,0.5815254899512152,0.7965157152367293,0.6799287326647978,0.7942715942797249,0.808382969560693,0.7708397344570764,0.8034934639761085,0.772348596539745,0.7534677717615922,0.8193330816643802,0.7844625713594715,0.7944431663657041,0.8021176383130642,0.8026580515465872,0.7936153182054029,0.7980827101907493,0.3600796507610196,0.7712027409364824,0.8023145738077456,0.6935550815970305,0.8173307746817744,0.6186000684824094,0.7238900327279629,0.7767612738314266,0.7662432450632977,0.7992081879639963,0.744860115399718,0.5680726757577103,0.7903238837536688
Amharic,0.5339720614219233,0.5588153696023849,1.0,0.5396274987259965,0.580798067333825,0.5678401460385696,0.5486097926697586,0.5592426539582075,0.5336490575788716,0.5775487006773709,0.5416025701556483,0.5434242767296698,0.5442378550595844,0.5438469263034034,0.5445825708861032,0.5456448479988223,0.5518573561576844,0.5312675693066917,0.6039026594707884,0.5476621215584967,0.5447298917159774,0.462730434104342,0.5400669467914785,0.5577357751064929,0.5497365149497475,0.5500434958575338,0.5439637479665806,0.43693607820098035,0.5352440617057688,0.5609764185558013,0.5416386966039838,0.5267223751697191,0.5508090208395611,0.5397809380723146,0.549701007152668,0.549723756257636,0.543709448246209,0.5479664092657226,0.5828040586670339,0.5635363342843929,0.5441698716161312,0.5625105225571564,0.5449582756927914,0.5410255149189214,0.5387307225912044,0.5446805844482457,0.5548331693023637,0.4704119066274492,0.5715639181816139,0.5417423964648121,0.5619872079712445,0.5451536649069179,0.6109217131199413,0.5756381157240837,0.5438526329841173,0.5408045593296422,0.5509652856473868,0.5823449153709359,0.46695492787618137,0.5506567235272288
Arabic,0.8936063749652413,0.7910204524123864,0.5396274987259965,1.0,0.7171424205171172,0.8501946228566573,0.8952332839160604,0.48108719665298094,0.8387785713835839,0.5335097956291236,0.882489760084333,0.8942408840478797,0.8902159546730948,0.8934103936840149,0.883689363457493,0.8893186050309637,0.8862551398039501,0.8418196651208718,0.6435390730692461,0.8779092774119768,0.8862404949155217,0.3718027789379633,0.8969977024159037,0.8386112225014055,0.8834090072278167,0.8648333798259789,0.8925246131716356,0.467591512590001,0.8614647971013476,0.5338498312560123,0.8400116329769935,0.5178929644025261,0.8798332211617437,0.6716124376408795,0.8774506056055326,0.8949832491989552,0.8046010791450203,0.8866992583794765,0.8157479037707083,0.7924332344951446,0.8883609502127999,0.8737306489526389,0.8897834992083533,0.8949516555656493,0.8950286246530483,0.8937631823780469,0.8701513570162662,0.34624163067331265,0.8204711089297109,0.8979339600362877,0.7402270062328685,0.8936840941678196,0.6270898053542819,0.7433648760593137,0.8715693520556168,0.8573846119227291,0.8810438079952644,0.7873364008486183,0.4830382971631549,0.8783616438228017
Belarusian,0.7098113354245337,0.7297611074428523,0.580798067333825,0.7171424205171172,1.0,0.724462216368142,0.7343296188578163,0.6081685604377913,0.7098128244385512,0.6251609091261185,0.7196546975696709,0.7358998635281812,0.7305311759341377,0.7312410251427559,0.720713275170752,0.7293911959858697,0.7294922406659112,0.704011243171045,0.71687604842172,0.7226951071475962,0.7253311668628257,0.4369157565929843,0.7261166638846407,0.7211378508347795,0.7248489844775267,0.7305122942727742,0.7280669663416774,0.5874052885955091,0.7083595213071991,0.6510202476926743,0.7083619321379249,0.6490168971036177,0.7386851548335518,0.6946590191011304,0.7382966340404146,0.739453583150799,0.7033333935286601,0.7297595800529555,0.7324375391131999,0.716070185407413,0.733260251352122,0.7257949408467881,0.7288995368972209,0.7211189781156285,0.7211332401677188,0.73875582828958,0.7456107243003616,0.35887528461896573,0.7258890900526755,0.7203440911388932,0.6574856103911655,0.7305328916937804,0.6076755588040661,0.6991593898163433,0.7253947260659388,0.7048075806647945,0.7594074361744906,0.6942679754534811,0.5963796991307287,0.7311911941366397
Bengali,0.8724191991774971,0.7877403451018102,0.5678401460385696,0.8501946228566573,0.724462216368142,1.0,0.8541971459344281,0.5547771942141256,0.8246319948526996,0.5756972541350064,0.8520510627573797,0.8514308434210165,0.8544371967724064,0.8546280246422845,0.843019838801132,0.8559902829983804,0.8518618243448084,0.8144568681171175,0.677650990542808,0.8437206612475837,0.8403134381842834,0.39821913933039843,0.8547697513279016,0.8650753094388435,0.8508746319031162,0.8373121626829851,0.8634971692499194,0.4894871662813987,0.8277734007141657,0.567918977148978,0.8272815245891034,0.5484317652737201,0.8544179380006612,0.67541475720193,0.8516560640406374,0.8667722651701888,0.818338209499067,0.8651575982447796,0.8502565379911127,0.8273686942807079,0.8514587881635174,0.8592447147885955,0.8433144957565095,0.8499607089923625,0.8528575496519811,0.8505126164135359,0.8357588549518787,0.3702578810361403,0.8443359247905713,0.8543462360835696,0.748664712482179,0.8545258041473295,0.664051523986389,0.7827463546225537,0.8517891948061707,0.8277643716756252,0.8562073237880664,0.8217932823553766,0.5172269429955723,0.8503704176832233
Bulgarian,0.9102245708619111,0.801145974283252,0.5486097926697586,0.8952332839160604,0.7343296188578163,0.8541971459344281,1.0,0.490322161843183,0.8525091711071282,0.5403186635610379,0.8870097796211158,0.9310206769653635,0.9227262276028984,0.9192596074292912,0.897156519048297,0.9172119480561365,0.9153353477184758,0.857805023718552,0.6514280128951881,0.9026733410625968,0.9039948505135738,0.37508555534139376,0.9078713839898511,0.8351947744826049,0.9091598367899624,0.882471664886114,0.8990536985228352,0.47012076758045446,0.8787983331493069,0.5428257244172802,0.8377120552247618,0.5253130531725152,0.9073992884676173,0.675645180173771,0.9074262686531648,0.9342661190773199,0.8063323482777242,0.8919733408530506,0.8202015785524643,0.794845491459871,0.9152812146506392,0.8748742857371645,0.9102398934287845,0.9139129797447645,0.9243853544326075,0.9174649425483757,0.9041190773256887,0.3521678967748928,0.8269123305793759,0.9174256078162532,0.7390635183562373,0.9188122313756821,0.6310116508516732,0.7394417522184742,0.868928088970163,0.8668467975888778,0.9140700262970836,0.7934826083189109,0.48663090733274555,0.8847061040670756
Burmese,0.46215461064326485,0.535211974671991,0.5592426539582075,0.48108719665298094,0.6081685604377913,0.5547771942141256,0.490322161843183,1.0,0.47940566473567736,0.7374205125964931,0.5043270044028787,0.489619955847314,0.49286533055357623,0.4968807496940071,0.5098698694434267,0.48919299402136834,0.49872613226611173,0.49583276856287467,0.7239845068102388,0.5053387445514743,0.49899466099437995,0.42564966438536017,0.4717633194974805,0.5211623724091388,0.4994806305698637,0.5097094758003358,0.48601599586983546,0.47684144569555736,0.49385398146669607,0.7042718127526281,0.5257367179629876,0.6642863176681777,0.5008302808991377,0.552052871863856,0.5065258453474111,0.49683891673680547,0.5301142637765106,0.48975880501868796,0.5883217027257713,0.5456838413055534,0.4980926487741511,0.5293212043580059,0.5012136475713566,0.4809546829594289,0.48151112466359686,0.5061216628435329,0.5071425889729908,0.3284401759864037,0.5604675510111953,0.48503539540379875,0.4865821802498996,0.4936173127979243,0.5333661555590105,0.5804936314328445,0.5253485511411394,0.4873903426821295,0.508218715803403,0.5411519250528883,0.5187841480380057,0.5237184781201777
Catalan,0.8713656641316401,0.7793489850538784,0.5336490575788716,0.8387785713835839,0.7098128244385512,0.8246319948526996,0.8525091711071282,0.47940566473567736,1.0,0.5247815678725483,0.829881658708206,0.8554432941459004,0.8471257839601938,0.8540565117219914,0.8374454595079525,0.8479202987580998,0.8460127214260676,0.8556131090674987,0.6358342681009431,0.8360948049599094,0.8460674098690454,0.3784242631165723,0.8472043255922778,0.8071060468707404,0.8398355720230103,0.8268492460509862,0.8502033102660128,0.5043944050551111,0.8662608004078823,0.527962313007571,0.7890309491779347,0.5302455634143979,0.8428757988652354,0.6708133455468576,0.8414027648227345,0.8630458110036274,0.7998386238622274,0.8478206110607046,0.7839152367250992,0.7688730855786798,0.8503430414122812,0.826849371979678,0.8387817016142917,0.8711646162734307,0.8644614728777889,0.8393392557662571,0.8353801694902324,0.33565658194198306,0.7887302494465596,0.8842164541481534,0.7181478942532324,0.8531925873458615,0.6038770646083408,0.7242865711787058,0.8201755214340085,0.8137105943155503,0.8462334253665033,0.7578536926380076,0.5381501987302378,0.833251715104432
Khmer,0.5144178844286618,0.5766184125342586,0.5775487006773709,0.5335097956291236,0.6251609091261185,0.5756972541350064,0.5403186635610379,0.7374205125964931,0.5247815678725483,1.0,0.54731916905892,0.5411493679153208,0.5380873552935522,0.546327060069205,0.5457193558892043,0.5413703556433018,0.5501202931843227,0.5355364401412354,0.6958351827030944,0.5444195510870724,0.5462393013228225,0.46224396488144676,0.5350953723329596,0.5659921182036058,0.544381653040992,0.5598739732258211,0.5477523422788885,0.4857189487099783,0.5322088900938969,0.6425164231193115,0.5440115960680705,0.64258308123811,0.546889081157696,0.5670184714713163,0.5502332092379469,0.5484940631603085,0.5479609357995688,0.5527064044890179,0.6119485011973316,0.576119496412347,0.5481533342299744,0.5614114566211922,0.5429995364047998,0.5339498343234008,0.5358653493169807,0.5452573470950104,0.5583817769669482,0.38435962885912234,0.5933471170472897,0.5326114963554126,0.532113351567149,0.5456512670708967,0.57539856986264,0.6096536964082087,0.5667000099441126,0.534683204147311,0.552958255725524,0.5681952205942387,0.5341006666563421,0.5693978499557302
Chinese,0.8825676409713482,0.7854652808351597,0.5416025701556483,0.882489760084333,0.7196546975696709,0.8520510627573797,0.8870097796211158,0.5043270044028787,0.829881658708206,0.54731916905892,1.0,0.8861354022285757,0.8870840786994417,0.8832039331455656,0.8745374775994077,0.8864825674765856,0.8806028471731842,0.8333165268047312,0.6508216175800515,0.8763908920825731,0.8622699119478119,0.37861271959958026,0.8739460179761348,0.8406077310368577,0.8790605443319878,0.857913810726443,0.8912493737212844,0.47011726018940403,0.8521584124393357,0.5449495760855194,0.8533303444330436,0.52954796483844,0.8786360764381471,0.6677436067960609,0.8777155045710842,0.8853640104887716,0.8099688738611056,0.8825886963595603,0.8232477406160044,0.7981338067069497,0.8790687991445131,0.8676835706182163,0.8819311353902408,0.8865035535049887,0.8792510086183585,0.8927986344841321,0.8597154602089628,0.3457587907825072,0.8279552757118716,0.8874066613935819,0.7321919073329327,0.8843279081342063,0.6302371609508962,0.7428888984315485,0.8774198088371147,0.8546371498487921,0.879721030186883,0.782329821490667,0.49228374221442645,0.8927073154811436
Croatian,0.8979133822260689,0.8015269628515217,0.5434242767296698,0.8942408840478797,0.7358998635281812,0.8514308434210165,0.9310206769653635,0.489619955847314,0.8554432941459004,0.5411493679153208,0.8861354022285757,1.0,0.924102064825569,0.9129875750012958,0.8961281162907144,0.9105205471694058,0.9090342197032248,0.8515710104498377,0.652859293283578,0.894269520853956,0.8944811838016881,0.37753171231089355,0.9078597996899608,0.837225167325778,0.9066297004325276,0.8837099378537081,0.9011941576577348,0.4746841655793025,0.8756224391974148,0.5436355002206943,0.8441495157167783,0.5273567464482095,0.9000454993562478,0.680017641091382,0.9047994547095927,0.9312647620531825,0.804878171812724,0.8948790433442818,0.8226141411791584,0.7966789414013768,0.9119904131711982,0.872793523571303,0.9124034994324138,0.9091950593709757,0.9161478074348721,0.91121574276285,0.9234161834263328,0.34761806654596666,0.8283319542487722,0.9091601857011155,0.7401127716146841,0.9129921499320546,0.6239884562667497,0.7423492093126112,0.8703913224131078,0.8689937124631892,0.9114471726570593,0.7907608924262298,0.4910535956773044,0.8868137810916334
Czech,0.8998176843178726,0.8015817397855948,0.5442378550595844,0.8902159546730948,0.7305311759341377,0.8544371967724064,0.9227262276028984,0.49286533055357623,0.8471257839601938,0.5380873552935522,0.8870840786994417,0.924102064825569,1.0,0.9151516812782918,0.8995400846509699,0.9162183615631472,0.9129045768240843,0.8516705134856863,0.6504237180757524,0.9042543811788254,0.893531491908282,0.37739952668849064,0.8982806939863321,0.8386885224302536,0.9159717123731478,0.8783966529253989,0.8889454470183096,0.4715330246473266,0.8753478688544469,0.5444219386093482,0.8404562991789856,0.5261259344562752,0.9094572175018526,0.6778544993771167,0.9091044822429605,0.9105684171831324,0.8063354869525254,0.8843509570216801,0.8188091338687198,0.7975175766226044,0.9083355591058325,0.87056943608793,0.9157967046473087,0.9060576613970689,0.9130524816150484,0.9121379366241485,0.8906345220679149,0.34780158085987284,0.8222107442434864,0.9098016759467928,0.7418008758036594,0.9156661902538973,0.6208421883691853,0.7390911793880602,0.8641063342556983,0.8673372754081013,0.904937012645933,0.7876249319917903,0.4899858308547684,0.8758770344062234
Danish,0.9159741532869468,0.8189325099531455,0.5438469263034034,0.8934103936840149,0.7312410251427559,0.8546280246422845,0.9192596074292912,0.4968807496940071,0.8540565117219914,0.546327060069205,0.8832039331455656,0.9129875750012958,0.9151516812782918,1.0,0.9115899771831079,0.914054779223554,0.9215189543435559,0.8619082640926332,0.6516264592508021,0.9095289822115065,0.8974306512253182,0.3789842279020254,0.9035879716437843,0.8391868156986892,0.902845221839948,0.9012220902132007,0.8973978572260696,0.47706153677494567,0.8737287852737302,0.5434871808337546,0.8374425353170435,0.5323365688289133,0.9033595999001995,0.675967127430843,0.8974574635486613,0.9160769993701553,0.8056015952326073,0.8949829028960948,0.828058916317579,0.798361352143243,0.9657435100707632,0.8678092632125609,0.9008234600943911,0.9153721066902051,0.9130765802917239,0.9000005076999311,0.8863128127096952,0.35129911462721986,0.8306107976485751,0.9167447822607113,0.7404255823262801,0.9542065230209937,0.6321163927463422,0.7476678641239032,0.8689056178765314,0.8574160764649784,0.8958807832535192,0.7937878515859762,0.4931691442822644,0.8856492758182617
Dutch,0.8881590151698976,0.8101727682943367,0.5445825708861032,0.883689363457493,0.720713275170752,0.843019838801132,0.897156519048297,0.5098698694434267,0.8374454595079525,0.5457193558892043,0.8745374775994077,0.8961281162907144,0.8995400846509699,0.9115899771831079,1.0,0.8944607282400112,0.896388181640662,0.8556061500981511,0.6483756939117437,0.9177116665893211,0.8846303349197316,0.3831919588340444,0.8763151658554102,0.8283232171021289,0.8921413011962394,0.8717431823732025,0.8731612888975084,0.47701975905639293,0.8717915004227806,0.5480423587491984,0.8349805887591707,0.5335071848614622,0.8822189233345228,0.6723091705596648,0.8822776807914845,0.8884230339716508,0.7996161547152547,0.8653960698840204,0.8163976922035304,0.7870441994051498,0.9069500742078921,0.8593840096574747,0.9014721583621934,0.8961642856329826,0.8916922966580334,0.8957235077756762,0.8682570322231462,0.3541892003644599,0.8146869905586216,0.9022403452769646,0.7278354336637901,0.9101164558707007,0.6269173934944535,0.7314658842297694,0.8576498628805186,0.8541864122057722,0.8797982275016433,0.7843271992892603,0.4905913202169326,0.8707900580625114
Estonian,0.8978337194561828,0.801802603707842,0.5456448479988223,0.8893186050309637,0.7293911959858697,0.8559902829983804,0.9172119480561365,0.48919299402136834,0.8479202987580998,0.5413703556433018,0.8864825674765856,0.9105205471694058,0.9162183615631472,0.914054779223554,0.8944607282400112,1.0,0.9229129362441806,0.8501353876528692,0.6578624753855712,0.8975850832530109,0.8881399612758013,0.3762781942605954,0.8973242881942225,0.8404566106793144,0.9092040501897738,0.8807761088556059,0.8941086296621897,0.4674052372121242,0.8697857308856962,0.5418095544809094,0.8393117486273085,0.5261937552122483,0.9109953520090548,0.6762892428197987,0.9078259340469264,0.9104591500451704,0.8082600101243798,0.8891898589597078,0.8207345978272161,0.7965854328634135,0.9098215824863602,0.8729952816703164,0.9044332247071338,0.9002913023959671,0.9075859403023634,0.9016573223609333,0.8837255395929757,0.35019962940676,0.8299270893058187,0.9043060206147997,0.7412279202564845,0.9133979982412499,0.6283801172214291,0.743131828779819,0.8683257223787761,0.8608531840753245,0.9007567283334471,0.7888742660126477,0.4916245215370603,0.8785035970633227
Finnish,0.8967939070369964,0.8058988268097923,0.5518573561576844,0.8862551398039501,0.7294922406659112,0.8518618243448084,0.9153353477184758,0.49872613226611173,0.8460127214260676,0.5501202931843227,0.8806028471731842,0.9090342197032248,0.9129045768240843,0.9215189543435559,0.896388181640662,0.9229129362441806,1.0,0.8490189771363015,0.6598489671596787,0.8973195563873557,0.889338053046938,0.38273454303394217,0.8946751275941968,0.8343172503403694,0.9096284754098094,0.8861268084037272,0.8932126632943311,0.4726325193557732,0.8694436966046385,0.5511187480351856,0.8357187824069663,0.5328792695677654,0.9010710975964048,0.6795820617481606,0.8998592325490838,0.9083053212089035,0.8060298661399584,0.8890023039973323,0.8209134896691644,0.7949404047468808,0.915494286913033,0.8682685839358111,0.9007657030084196,0.904879804667825,0.9068507869544112,0.8982458979137005,0.8835147444091208,0.3560926298976713,0.8254176668369194,0.9072624980824606,0.7435699773381472,0.925135088668595,0.6281388399392267,0.7416111672073566,0.8630037484493441,0.8603403742574237,0.8949732802400654,0.7920923858916745,0.4936547287237119,0.8762870275290351
French,0.8648564398551406,0.7889607619981241,0.5312675693066917,0.8418196651208718,0.704011243171045,0.8144568681171175,0.857805023718552,0.49583276856287467,0.8556131090674987,0.5355364401412354,0.8333165268047312,0.8515710104498377,0.8516705134856863,0.8619082640926332,0.8556061500981511,0.8501353876528692,0.8490189771363015,1.0,0.6246969122665921,0.8520098605224337,0.8473074465445657,0.3845382015699645,0.8423655588474817,0.7958469228368205,0.8411984947685274,0.8231361988078725,0.8388478632845069,0.5083026805864681,0.8755746349492841,0.5344266460996233,0.7897844117461549,0.5322497031281848,0.8423273394270635,0.6601982090018592,0.8401826134478366,0.8515090719619741,0.8013485517658101,0.8336117978532314,0.7799993659866387,0.7619457981962694,0.8565048288395406,0.819458244024345,0.852494370838623,0.8699589730644776,0.8633763440700726,0.8513475692350044,0.8283984811594088,0.33947116622798496,0.7795547024618711,0.8724985009323943,0.713716088042941,0.8607113529984107,0.5983251997871387,0.706071768468026,0.816280033451094,0.8168554268652041,0.842317682681996,0.7467145750686918,0.5524821729596601,0.8286141278346938
Georgian,0.6244773913686932,0.6666276974956267,0.6039026594707884,0.6435390730692461,0.71687604842172,0.677650990542808,0.6514280128951881,0.7239845068102388,0.6358342681009431,0.6958351827030944,0.6508216175800515,0.652859293283578,0.6504237180757524,0.6516264592508021,0.6483756939117437,0.6578624753855712,0.6598489671596787,0.6246969122665921,1.0,0.6453208423736903,0.6495435200473801,0.4301525081812618,0.6470548596830112,0.6706264959019478,0.6556665097067841,0.6695813961683875,0.6538863565225037,0.4959570431248545,0.6361864370108076,0.6822384473199115,0.6506272820464991,0.6559342862844244,0.6642474290258528,0.6438714443557808,0.6688486982227453,0.6641550843637902,0.6508222454479519,0.6576572571933319,0.6977636821865988,0.6816082454243166,0.653999225302871,0.6674950555664756,0.6507301150102888,0.6425205857954512,0.6462584478281722,0.6532295192555904,0.6672120549949233,0.3559176657212398,0.6876820556891785,0.6425267674003834,0.6265092812634824,0.6522085139950441,0.6208725449622257,0.7091968473907465,0.6603825848479397,0.6404684360225462,0.6711866679100382,0.6634205308074516,0.5287430463134729,0.6668364943936244
German,0.8900598982672038,0.8006180644800613,0.5476621215584967,0.8779092774119768,0.7226951071475962,0.8437206612475837,0.9026733410625968,0.5053387445514743,0.8360948049599094,0.5444195510870724,0.8763908920825731,0.894269520853956,0.9042543811788254,0.9095289822115065,0.9177116665893211,0.8975850832530109,0.8973195563873557,0.8520098605224337,0.6453208423736903,1.0,0.8863979799718639,0.3804386925459369,0.8799210463827903,0.8286382248400925,0.8977792135639673,0.8695236070763154,0.873135240183734,0.4714152197721399,0.8722306723742551,0.5441332489066513,0.8355424914383808,0.5315700045876933,0.8861871828160747,0.672418689388937,0.8843652142271194,0.8885446354171074,0.7969226654629934,0.8626525619980605,0.8118885729216097,0.7867454115512138,0.9006187194485326,0.8604997159810113,0.9026862711233451,0.8996694518794551,0.8956950703534655,0.9025695810718422,0.8674081497986798,0.351942229811526,0.8096551656836568,0.9032195217289383,0.7322149467141092,0.9082406824093187,0.6230743497522535,0.7309571404193795,0.8549907945877799,0.8578695973450374,0.8789265510659102,0.7856469874723868,0.4933520866270574,0.8666775809162179
Greek,0.8917191874430186,0.7972394267514593,0.5447298917159774,0.8862404949155217,0.7253311668628257,0.8403134381842834,0.9039948505135738,0.49899466099437995,0.8460674098690454,0.5462393013228225,0.8622699119478119,0.8944811838016881,0.893531491908282,0.8974306512253182,0.8846303349197316,0.8881399612758013,0.889338053046938,0.8473074465445657,0.6495435200473801,0.8863979799718639,1.0,0.38646081620909295,0.8855030250993934,0.8262243297445973,0.8860657425520491,0.8621369237412811,0.8745741207524148,0.485802518251976,0.8674100582205924,0.5439553766738524,0.8230059844335587,0.5335936945723233,0.878285230818141,0.6778886925885481,0.8740847620728829,0.8930333629177659,0.7925794651306823,0.8702320614467929,0.8114244613606785,0.7879340868464179,0.8943484596914142,0.8621222982013593,0.8914203485679281,0.9017954409984905,0.9061084186581363,0.8878047020089533,0.8737749372584812,0.3536910396936597,0.8075849583674851,0.9040271891203686,0.7371428294931789,0.8972750177067137,0.624608027948752,0.7334632244120672,0.8521751515699602,0.854131344889229,0.8755704058766708,0.7864694382345294,0.5007459066787407,0.8596426476191189
Hausa,0.3661655393441993,0.4095473204791739,0.462730434104342,0.3718027789379633,0.4369157565929843,0.39821913933039843,0.37508555534139376,0.42564966438536017,0.3784242631165723,0.46224396488144676,0.37861271959958026,0.37753171231089355,0.37739952668849064,0.3789842279020254,0.3831919588340444,0.3762781942605954,0.38273454303394217,0.3845382015699645,0.4301525081812618,0.3804386925459369,0.38646081620909295,1.0,0.3736685327702844,0.3908672029001994,0.3788942134903469,0.3811183509758203,0.37946865582667144,0.37609392346718934,0.38054861032836806,0.44237383649623013,0.37474102901951695,0.43301708622561136,0.3812507164036599,0.3938495929603738,0.380775319308026,0.3792578384243975,0.39116931326253834,0.3848915731843708,0.41636020388913,0.3974386424983754,0.3817427159732604,0.39780282712849635,0.3797415550248971,0.37260411446739317,0.37271186702804937,0.37915449194303724,0.38988780530521977,0.4952605459424754,0.40138333000170356,0.37408829491969364,0.42955101737480555,0.38088684976458337,0.4606856317676877,0.4093470066253794,0.38022490220063765,0.3799443305045777,0.3846406338784756,0.4064562079052725,0.4127828243927057,0.38785077071795404
Hebrew,0.9010586384150854,0.7990256865428428,0.5400669467914785,0.8969977024159037,0.7261166638846407,0.8547697513279016,0.9078713839898511,0.4717633194974805,0.8472043255922778,0.5350953723329596,0.8739460179761348,0.9078597996899608,0.8982806939863321,0.9035879716437843,0.8763151658554102,0.8973242881942225,0.8946751275941968,0.8423655588474817,0.6470548596830112,0.8799210463827903,0.8855030250993934,0.3736685327702844,1.0,0.8427566401534353,0.8866341126317022,0.8802025657824086,0.9020938758987669,0.4694984511592647,0.8594006451166918,0.5294330847821527,0.8330419661650954,0.5165266643914841,0.8866484845999559,0.6700328522385501,0.8854076867282074,0.9137187333548088,0.8049127326487451,0.8995294146191789,0.820806844242192,0.8012706903817264,0.9014196764160929,0.8742127494231257,0.8866403530146739,0.9000105298372175,0.9024861639848851,0.8915701853213542,0.8844669018366528,0.34334105171940926,0.8253538770023147,0.8954129378288291,0.7419936699121044,0.9046947531890609,0.6293343735291796,0.7535575009798938,0.8710784803564883,0.8554983447498745,0.8961797890322056,0.792952001355828,0.48642380327771745,0.8812279355316321
Hindi,0.8463684668433423,0.7751660674956122,0.5577357751064929,0.8386112225014055,0.7211378508347795,0.8650753094388435,0.8351947744826049,0.5211623724091388,0.8071060468707404,0.5659921182036058,0.8406077310368577,0.837225167325778,0.8386885224302536,0.8391868156986892,0.8283232171021289,0.8404566106793144,0.8343172503403694,0.7958469228368205,0.6706264959019478,0.8286382248400925,0.8262243297445973,0.3908672029001994,0.8427566401534353,1.0,0.831660370790556,0.8307633611129337,0.8496407231608926,0.49187146624656436,0.8160312378334986,0.5531234012927053,0.8170549654262744,0.5457701571691456,0.8366959012860063,0.668195782569175,0.8328420376346136,0.8466530075387066,0.7902045591369727,0.8459578771926346,0.8347237481016032,0.8393819283276248,0.8364106472807995,0.8464831435337432,0.8298560649961003,0.83721085143543,0.8356176137346434,0.8379441747952611,0.8238465199475341,0.36419026066716775,0.8284021004774883,0.8387041638416123,0.7254455090336163,0.8393724560145291,0.6599475813367355,0.7776156243858164,0.835061447899951,0.8246435868225248,0.8416835686821849,0.8191116345883758,0.5108797702118426,0.8449771383404818
Hungarian,0.8853993227917685,0.793628534442997,0.5497365149497475,0.8834090072278167,0.7248489844775267,0.8508746319031162,0.9091598367899624,0.4994806305698637,0.8398355720230103,0.544381653040992,0.8790605443319878,0.9066297004325276,0.9159717123731478,0.902845221839948,0.8921413011962394,0.9092040501897738,0.9096284754098094,0.8411984947685274,0.6556665097067841,0.8977792135639673,0.8860657425520491,0.3788942134903469,0.8866341126317022,0.831660370790556,1.0,0.8679935257712132,0.8821306214440476,0.4691820325391933,0.8677026674401226,0.5496999203862667,0.8387469295865837,0.5308669122127,0.8930621409720527,0.6809187224674544,0.8939089390458984,0.900623624794141,0.8059691329408902,0.8775533281765776,0.8198115456367586,0.7943737979129186,0.8971661669797097,0.86631542014328,0.9015275817129919,0.8969340384824313,0.9044007422301503,0.8978622374593662,0.8782072858726363,0.348126576146624,0.8199347055907532,0.9002579062175233,0.7383859226768702,0.9036432867195697,0.6224940956658537,0.7377262333400312,0.8583927109285955,0.8682095477936168,0.8918629500594756,0.7875151729290382,0.4881276659051985,0.8702801581177069
Icelandic,0.8706010636798309,0.7978099907491921,0.5500434958575338,0.8648333798259789,0.7305122942727742,0.8373121626829851,0.882471664886114,0.5097094758003358,0.8268492460509862,0.5598739732258211,0.857913810726443,0.8837099378537081,0.8783966529253989,0.9012220902132007,0.8717431823732025,0.8807761088556059,0.8861268084037272,0.8231361988078725,0.6695813961683875,0.8695236070763154,0.8621369237412811,0.3811183509758203,0.8802025657824086,0.8307633611129337,0.8679935257712132,1.0,0.8774020567122907,0.4752256831820671,0.8409751099767385,0.5507186472839988,0.8263082727028701,0.5376875696139849,0.8725487757042124,0.6705182603856987,0.873747116242649,0.8913487098650376,0.7911373993834662,0.8745703738437756,0.8231702106770317,0.7964703122491386,0.9008741015722365,0.8550443266187187,0.8695036549011033,0.8761359562640381,0.8757233327242505,0.8698511012960571,0.8694276930356801,0.35507771256218384,0.8250353505558086,0.8763807577524183,0.7339340889432284,0.9009935963286434,0.6376788140859251,0.7546233889092836,0.8574060091747104,0.8342537124514847,0.8773565367300145,0.789523534623268,0.4937300831697048,0.8721117604449747
Indonesian,0.8995472209435043,0.801557458638081,0.5439637479665806,0.8925246131716356,0.7280669663416774,0.8634971692499194,0.8990536985228352,0.48601599586983546,0.8502033102660128,0.5477523422788885,0.8912493737212844,0.9011941576577348,0.8889454470183096,0.8973978572260696,0.8731612888975084,0.8941086296621897,0.8932126632943311,0.8388478632845069,0.6538863565225037,0.873135240183734,0.8745741207524148,0.37946865582667144,0.9020938758987669,0.8496407231608926,0.8821306214440476,0.8774020567122907,1.0,0.4804701311951955,0.8577868531212389,0.5418307973080998,0.8476249231652107,0.5320852447489114,0.8840364228110947,0.6766219947321135,0.8834156193675606,0.9079971966411351,0.8198314410024145,0.9441597570073678,0.8247814170185405,0.800278362033839,0.89779492601652,0.8753357276432905,0.882860438662471,0.8939178753270438,0.8927379689151473,0.8900700142290257,0.8778194827796594,0.3482498339738077,0.8382111023078137,0.894255697994502,0.7448779580281294,0.8976353091961093,0.6380301821152504,0.7595123618190232,0.8916409198271752,0.8551943470879874,0.8935339335099785,0.7959814958723327,0.4972960908982953,0.9050732169644565
Irish,0.48204240181010527,0.5417043267135182,0.43693607820098035,0.467591512590001,0.5874052885955091,0.4894871662813987,0.47012076758045446,0.47684144569555736,0.5043944050551111,0.4857189487099783,0.47011726018940403,0.4746841655793025,0.4715330246473266,0.47706153677494567,0.47701975905639293,0.4674052372121242,0.4726325193557732,0.5083026805864681,0.4959570431248545,0.4714152197721399,0.485802518251976,0.37609392346718934,0.4694984511592647,0.49187146624656436,0.4691820325391933,0.4752256831820671,0.4804701311951955,1.0,0.49179252452135713,0.5374385133108682,0.4717456600731154,0.6234012599151559,0.47731534800023373,0.5925864258508752,0.4711160650364341,0.47817273657294357,0.5043225174305029,0.48314562461751187,0.49825106600710894,0.49742775573386255,0.476685776662119,0.4768459717506516,0.4693469308519878,0.4773652365416603,0.471770030290884,0.4720614790879083,0.490593717979362,0.25541606749645035,0.4976011086812334,0.4769296582565596,0.4459716060569239,0.4752153186565307,0.41204652879537434,0.5024142336546735,0.46696162365742816,0.4610858973707416,0.47752120912647905,0.4710597163901937,0.6830613438130027,0.47987011670773067
Italian,0.8733421464493328,0.7812364613370671,0.5352440617057688,0.8614647971013476,0.7083595213071991,0.8277734007141657,0.8787983331493069,0.49385398146669607,0.8662608004078823,0.5322088900938969,0.8521584124393357,0.8756224391974148,0.8753478688544469,0.8737287852737302,0.8717915004227806,0.8697857308856962,0.8694436966046385,0.8755746349492841,0.6361864370108076,0.8722306723742551,0.8674100582205924,0.38054861032836806,0.8594006451166918,0.8160312378334986,0.8677026674401226,0.8409751099767385,0.8577868531212389,0.49179252452135713,1.0,0.5380810246162113,0.8080639012348675,0.5320547599871979,0.8613916484819287,0.6694111359717495,0.8574059317929621,0.8719238171812199,0.7941141381185168,0.8480815422063482,0.7907059178240256,0.772808519547496,0.8688456893931569,0.8378836023528611,0.8763660892199507,0.8885195217926207,0.883386328635528,0.8784444710156535,0.8512424661819304,0.34006643468532977,0.7899726248068211,0.8952995960094771,0.7189820796414662,0.8755887730920111,0.6058546892337073,0.7142517717399273,0.8356022838228182,0.8398624951045158,0.8616451743281459,0.7642278103451544,0.5254926721411848,0.8489779445479436
Kazakh,0.5171241196149557,0.5815602065889925,0.5609764185558013,0.5338498312560123,0.6510202476926743,0.567918977148978,0.5428257244172802,0.7042718127526281,0.527962313007571,0.6425164231193115,0.5449495760855194,0.5436355002206943,0.5444219386093482,0.5434871808337546,0.5480423587491984,0.5418095544809094,0.5511187480351856,0.5344266460996233,0.6822384473199115,0.5441332489066513,0.5439553766738524,0.44237383649623013,0.5294330847821527,0.5531234012927053,0.5496999203862667,0.5507186472839988,0.5418307973080998,0.5374385133108682,0.5380810246162113,1.0,0.5494480858137208,0.675720748929135,0.5503581582993262,0.5958826612455683,0.5539988402496479,0.5478565403442379,0.5568765891658404,0.5432512364503752,0.5943662226551218,0.5703550490239021,0.5454365763393553,0.5564077197597878,0.5464910002374933,0.5322426424694445,0.5345746412869115,0.5506679243863387,0.5621342292227941,0.3697547861175734,0.5808444635879113,0.5360767337594043,0.5337913942087099,0.5432302112149047,0.5335923475411175,0.581140695378553,0.5494588077797284,0.5404334888702614,0.5578590908766299,0.5600871532045537,0.5678872009501382,0.5560916104432095
Korean,0.8224721351440132,0.7558013625246897,0.5416386966039838,0.8400116329769935,0.7083619321379249,0.8272815245891034,0.8377120552247618,0.5257367179629876,0.7890309491779347,0.5440115960680705,0.8533303444330436,0.8441495157167783,0.8404562991789856,0.8374425353170435,0.8349805887591707,0.8393117486273085,0.8357187824069663,0.7897844117461549,0.6506272820464991,0.8355424914383808,0.8230059844335587,0.37474102901951695,0.8330419661650954,0.8170549654262744,0.8387469295865837,0.8263082727028701,0.8476249231652107,0.4717456600731154,0.8080639012348675,0.5494480858137208,1.0,0.537887383465587,0.8367764755469215,0.6566909245425788,0.8433694108246078,0.8441256731526644,0.7780465424012898,0.8409331022786252,0.807640287061851,0.7795774235365012,0.8399959234148513,0.8425296492318946,0.8410345723736867,0.8325330394398975,0.8296803191139785,0.848708403396577,0.8239753797870221,0.33728704115095165,0.8181484632691509,0.8340933945468215,0.7023489970895568,0.8378071194871681,0.6225712936551534,0.733775239851079,0.8567704811851616,0.8283379912928224,0.8410486268809026,0.7685720643038708,0.48830349391173233,0.8525607259721312
Kurdish,0.5048466571943383,0.5815254899512152,0.5267223751697191,0.5178929644025261,0.6490168971036177,0.5484317652737201,0.5253130531725152,0.6642863176681777,0.5302455634143979,0.64258308123811,0.52954796483844,0.5273567464482095,0.5261259344562752,0.5323365688289133,0.5335071848614622,0.5261937552122483,0.5328792695677654,0.5322497031281848,0.6559342862844244,0.5315700045876933,0.5335936945723233,0.43301708622561136,0.5165266643914841,0.5457701571691456,0.5308669122127,0.5376875696139849,0.5320852447489114,0.6234012599151559,0.5320547599871979,0.675720748929135,0.537887383465587,1.0,0.5358060206245133,0.6173703309248444,0.5356617770368057,0.5327807503851996,0.5415223009625023,0.5368198231973573,0.5776324144400007,0.5575000786959684,0.533930763804907,0.537039974341342,0.5295788282171937,0.5192621937734395,0.5218759522321291,0.5315324070774649,0.54731984507389,0.31734944624788214,0.5739312012827689,0.5215777489875502,0.4985588738636232,0.5311291445899482,0.5097682667034555,0.5777713698955419,0.5371731895026701,0.5194479746924259,0.5374620499681932,0.5414899304473969,0.6260724673281005,0.5491239709282106
Latvian,0.8933434330024221,0.7965157152367293,0.5508090208395611,0.8798332211617437,0.7386851548335518,0.8544179380006612,0.9073992884676173,0.5008302808991377,0.8428757988652354,0.546889081157696,0.8786360764381471,0.9000454993562478,0.9094572175018526,0.9033595999001995,0.8822189233345228,0.9109953520090548,0.9010710975964048,0.8423273394270635,0.6642474290258528,0.8861871828160747,0.878285230818141,0.3812507164036599,0.8866484845999559,0.8366959012860063,0.8930621409720527,0.8725487757042124,0.8840364228110947,0.47731534800023373,0.8613916484819287,0.5503581582993262,0.8367764755469215,0.5358060206245133,1.0,0.6782592269588291,0.91992928747172,0.9027735648685806,0.8082684057106814,0.8796117336934409,0.8221507480739669,0.7993598302096804,0.8966776702052632,0.8628232335033504,0.8955853192043358,0.8897401838576894,0.8989519528575931,0.9002458825897846,0.8793811903019997,0.3478306080481361,0.8270973089183629,0.8946277106027982,0.7456322308137062,0.9025808168003577,0.6319086369678203,0.7497395844141737,0.8644499070891123,0.8478063643030157,0.9022734256349,0.7864357895874318,0.4995706951267985,0.8727226844887587
Latin,0.677017111967849,0.6799287326647978,0.5397809380723146,0.6716124376408795,0.6946590191011304,0.67541475720193,0.675645180173771,0.552052871863856,0.6708133455468576,0.5670184714713163,0.6677436067960609,0.680017641091382,0.6778544993771167,0.675967127430843,0.6723091705596648,0.6762892428197987,0.6795820617481606,0.6601982090018592,0.6438714443557808,0.672418689388937,0.6778886925885481,0.3938495929603738,0.6700328522385501,0.668195782569175,0.6809187224674544,0.6705182603856987,0.6766219947321135,0.5925864258508752,0.6694111359717495,0.5958826612455683,0.6566909245425788,0.6173703309248444,0.6782592269588291,1.0,0.6769902659111309,0.681368196684071,0.6628713500326607,0.6784363352314428,0.6675798916606546,0.6668589955221356,0.6748963128270846,0.671161080499289,0.6715885574774805,0.6791012589362002,0.6791425602964846,0.6696134491793703,0.6844331543301554,0.31803362478202835,0.6695547978447486,0.6783864292822206,0.6145783601936897,0.671931784642154,0.5407546338921169,0.647764287279117,0.6652047493038173,0.6616672075071577,0.6781551475176373,0.6426128720359777,0.5869135004572216,0.6756178813144753
