Language,English,Afrikaans,Amharic,Arabic,Belarusian,Bengali,Bulgarian,Burmese,Catalan,Khmer,Chinese,Croatian,Czech,Danish,Dutch,Estonian,Finnish,French,Georgian,German,Greek,Hausa,Hebrew,Hindi,Hungarian,Icelandic,Indonesian,Irish,Italian,Kazakh,Korean,Kurdish,Latvian,Latin,Lithuanian,Macedonian,Malagasy,Malay,Malayalam,Marathi,Norwegian,Persian,Polish,Portuguese,Romanian,Russian,Serbian,Sindhi,Sinhala,Spanish,Swahili,Swedish,Tamil,Telugu,Thai,Turkish,Ukrainian,Urdu,Uzbek,Vietnamese
English,1.0,0.6379936935323777,0.09417930250360405,0.662524893265461,0.5069704612358353,0.4462647254083231,0.6354089939988248,0.09908396234223642,0.6143087707271325,0.10072776078755488,0.7445737220441284,0.6453842614594688,0.6514185897893457,0.6894323405032748,0.7003843529011169,0.620550021458561,0.6833043833288727,0.7517301483300912,0.15031353845084153,0.7162275165497117,0.6159593375474091,0.17996729856923133,0.5619350877278065,0.6067508159879389,0.6426367779527288,0.549523747863792,0.6517514400532698,0.5086790577534868,0.706674363946141,0.2428568997423523,0.6614887970819174,0.2359838489343448,0.5321887589689878,0.4726851667678901,0.5480311671467167,0.6045415717985093,0.19585368758631994,0.6385253201089361,0.3151126395694141,0.38147058504864884,0.6916786758628743,0.5374467559508037,0.6573638867811109,0.7248971401760873,0.6654183290072734,0.6901518976478561,0.6157271902384988,0.23579233138811517,0.17910502662201735,0.7384840614372706,0.5452696608874711,0.7018452456407512,0.28950767307743325,0.24556811349953458,0.560275323254989,0.6229491673652545,0.640106188014948,0.49543589503563984,0.2834867185442583,0.624124067968574
Afrikaans,0.6379936935323777,1.0,0.11028266902828462,0.5503930925002575,0.4779665453189628,0.3994437754259549,0.5427087455716832,0.09530708494196682,0.5363160871049332,0.12338499171734306,0.5732295217784825,0.5550910764345557,0.5542332170301747,0.611909381102075,0.7188951931876523,0.578571924179144,0.5862995822179784,0.6166385821381118,0.16881465303883644,0.6143831606107234,0.5253470555698927,0.21097129395024342,0.48839478756075483,0.5270662336036855,0.5606988518873782,0.5226291838574005,0.5673273844148556,0.48033395477089946,0.5542107558229178,0.25253311417435753,0.57399941447223,0.25799577718845884,0.48460667817337755,0.4244029523336018,0.5103453672617037,0.5410715782200604,0.2613894356293605,0.565518427720373,0.2865796357477736,0.37017883174103416,0.6098407012002758,0.47258194555139976,0.5420151348068805,0.5813969849970836,0.5735300560008293,0.5615951510659382,0.547494452244131,0.25804502225747206,0.19098124467029565,0.5750021338451532,0.5151647592613285,0.6005521908541934,0.2837157747933362,0.22924404507855495,0.4629973029719187,0.5441545096652447,0.5623158903314945,0.4598244049704023,0.2862966427955582,0.5244341116653796
Amharic,0.09417930250360405,0.11028266902828462,1.0,0.09593938819009765,0.09929049246144939,0.13105097464516832,0.08566621679668142,0.22908770205329446,0.06960765710996526,0.14684710486644503,0.07300409460121182,0.07028074809177451,0.05798832796157541,0.07098932148770343,0.08843338933635218,0.08158816412274517,0.06322181780343954,0.06421948384326992,0.18512538824870056,0.08023603660873958,0.09520073157857323,0.21635903236946802,0.11387306236632165,0.09075866207716733,0.08223279963402544,0.0986097871367083,0.09758033115911093,0.09893859964891596,0.06870680527975102,0.14900566856109515,0.09440087287682788,0.22145998751625773,0.09109876877861899,0.11049790321571841,0.09747306101734629,0.10321375112227668,0.1895655571400919,0.09926669481995547,0.1319571482075387,0.13280085451339058,0.07352100832735342,0.10274813670868653,0.054887926529983797,0.056359964808071324,0.09225855867262475,0.045138674493475396,0.0860539082383839,0.15731566708294303,0.18442771602235117,0.060761345434495254,0.16805317242121964,0.06692562881258958,0.13339545526912142,0.14169821133125848,0.07443499853350513,0.10457691768880686,0.06290759972055311,0.10754560791625177,0.14700909237717377,0.06221787313494192
Arabic,0.662524893265461,0.5503930925002575,0.09593938819009765,1.0,0.4362798393682029,0.3977557378709475,0.5765386559412976,0.061365271832525735,0.5564663463919873,0.09018708876170958,0.6434781660223372,0.5644815907314258,0.5481796201540077,0.5785258598350658,0.5861743991986588,0.5470361645850611,0.5840460042143453,0.6710738158721581,0.11499549985718088,0.5769883411192522,0.593063296507908,0.1569986112484406,0.6263007473900071,0.5596062472124305,0.5543092406995669,0.4844773568344517,0.5890830854180668,0.44867890525604,0.6023975341283841,0.22602568111534968,0.5964330725360418,0.24365928183101318,0.4655250740538834,0.3876949483033977,0.47362416875336066,0.5524078682370022,0.18635140995971658,0.5815960206444011,0.2828960113498283,0.3345614416327164,0.5993544718692153,0.5909112840003106,0.5441249369968241,0.6158760204589033,0.595536244893354,0.6047385764943359,0.5615916328753673,0.23519277666740113,0.1377218764084222,0.6426423469749496,0.541936565814992,0.5850395279447685,0.2720982618906648,0.20995253623601162,0.5170158795054178,0.5914546010557553,0.5616903700911753,0.4860804889368895,0.2658217348923874,0.5640354517883921
Belarusian,0.5069704612358353,0.4779665453189628,0.09929049246144939,0.4362798393682029,1.0,0.3943533280008698,0.5541028775631126,0.14855630081324325,0.44134015573871355,0.13619898310559225,0.5010723354569341,0.5219985156511154,0.5452742020129026,0.45785087123159846,0.46405865011378733,0.5031849679884918,0.46938632937731634,0.4769964128543683,0.25069738974373296,0.47285673415240437,0.45071765029578187,0.22391200657263696,0.45416911398869747,0.4605933058807067,0.49026687492662924,0.4250691227605299,0.44730765364786984,0.3998686927374927,0.46754461471824715,0.3853712936151327,0.48574535998865914,0.3046563188987562,0.5306301359193413,0.3760352504235337,0.5804519172479529,0.556109497838801,0.23279253641027273,0.453576443125825,0.2701032893066973,0.36098876200834173,0.45649558244478433,0.4432245159972438,0.5920181845671965,0.45827619565935274,0.5042521972568541,0.6481787460539067,0.540690741391691,0.24437432736894857,0.19000799224721748,0.46213047387270884,0.43339180561752727,0.4614709482875652,0.251291621586643,0.2224253325528242,0.4151687050372277,0.47849560269003905,0.7200212472908749,0.41428066721985746,0.38490543420482204,0.4572687868170118
Bengali,0.4462647254083231,0.3994437754259549,0.13105097464516832,0.3977557378709475,0.3943533280008698,1.0,0.40529177746742423,0.16480128823655163,0.4001777157411793,0.14966127041891975,0.43760730605742243,0.371288096339037,0.3927508752604172,0.3956086898400717,0.38329812173966277,0.40419922010652415,0.40615801184625255,0.41987828628986645,0.2139493785361672,0.3852670653866415,0.3986259399780133,0.19106838794027622,0.4148399516549036,0.5779087129183093,0.4394871952171117,0.4069437811669753,0.4198536993985138,0.4098152377307647,0.3708211437633914,0.27710703707631096,0.4577847611109889,0.2686600467460229,0.3804339816192192,0.3481664373736929,0.3851421900399876,0.39323083978102424,0.22560721025036212,0.4354599671456188,0.41377863172894996,0.4709983055745827,0.3814122884020013,0.42852544764037453,0.38382105592576576,0.3864802445524408,0.39546008129060456,0.40491963619351773,0.3826204022718395,0.2894819591699425,0.24929220418162046,0.3996010085853105,0.39424366017956014,0.4164697390316389,0.36266346448195974,0.3305630291537704,0.44142460361952346,0.43536865273698766,0.40784038791145866,0.5060371532311974,0.31745543838572043,0.4053092678155265
Bulgarian,0.6354089939988248,0.5427087455716832,0.08566621679668142,0.5765386559412976,0.5541028775631126,0.40529177746742423,1.0,0.1023558853528377,0.5900780953219744,0.1187774664158062,0.6064100736082035,0.6858198120383789,0.6423697221380512,0.6175431386504903,0.5623749302160791,0.6066434114643826,0.587402093098022,0.593585554085078,0.19932389111245066,0.5883893937917141,0.6170835351833343,0.16658421829990866,0.5423599004681051,0.5230478113440746,0.5864604139253216,0.5071173665606628,0.5500288263155819,0.423463094771775,0.5900594521359023,0.2940834937910463,0.5529709084274431,0.2691720973510623,0.5862587191333148,0.4201627742190148,0.579513148362299,0.7773089816066875,0.1937088686609281,0.5470613107460559,0.2816733103417524,0.3608804211033913,0.5971377427198136,0.5041606531156261,0.6210850893847756,0.5930418629891774,0.6689464591945247,0.6851142692953529,0.7041731884163434,0.21610957471472106,0.1687220286947892,0.6106351656929222,0.48534908918543257,0.6165181464072069,0.2681582791285456,0.20898889914498656,0.49275994770186826,0.5831226978738803,0.6657610343215913,0.4234601658697823,0.3310973685135538,0.5339299774310049
Burmese,0.09908396234223642,0.09530708494196682,0.22908770205329446,0.061365271832525735,0.14855630081324325,0.16480128823655163,0.1023558853528377,1.0,0.09398477290313366,0.28046483579010634,0.11960999882185197,0.06368821719194812,0.08758911952353389,0.08147550262768595,0.08291486749219591,0.08641023893424686,0.0806647723653361,0.07496015821139816,0.19857580117642212,0.09461190499613337,0.0813360651292181,0.19337405783645578,0.07987208159044702,0.1053351374016793,0.10230943636478491,0.11098586190288148,0.10693389456975767,0.11706115692239019,0.07219859396616794,0.18341461315987678,0.12325638267113267,0.20260732951206775,0.12670550626524055,0.09283202797146682,0.10639136572275948,0.10272047503152919,0.1748550524394599,0.12521691920056624,0.15595602216023374,0.13945731638621672,0.07235696013162106,0.09729478794556816,0.08651071416896743,0.05021277171947131,0.08773396681058288,0.08283757880718272,0.07491882896406779,0.15675417571839706,0.2159269965864003,0.07662675048596818,0.12316087914699793,0.09659948796123827,0.14409857884265542,0.13372588371874083,0.14940140561943593,0.11001900959608925,0.10443856151924427,0.1196822644873811,0.17341799727112128,0.1260649107636792
Catalan,0.6143087707271325,0.5363160871049332,0.06960765710996526,0.5564663463919873,0.44134015573871355,0.4001777157411793,0.5900780953219744,0.09398477290313366,1.0,0.11069393037811705,0.5909145200526019,0.5528318976655774,0.556377881683052,0.5699542851300984,0.5558973267207389,0.5377500890920424,0.5761215776923239,0.6335097335425807,0.13948054637600116,0.5423386331674362,0.5667144058413073,0.17552918932916908,0.4939597530659507,0.5010114399301938,0.5797882472090724,0.5145235815520968,0.5188055552669675,0.4696874888713366,0.630592940343197,0.2440157065133828,0.5240248624489264,0.25552137822166787,0.5003488725601479,0.4450986507772486,0.48181161840495795,0.5593568717564814,0.21758090282254183,0.523346666626117,0.29345033953228417,0.3495043029470451,0.5621787200326309,0.46551362095248694,0.5344511713852775,0.6225697277775534,0.6129670973083037,0.5414663663228078,0.5429450883535251,0.20826967621752723,0.1510584264223379,0.7447492274853413,0.4868296551681722,0.6086818893350373,0.2825545840392835,0.21203086926519105,0.4760653655584724,0.5480065094965453,0.5152255506794206,0.40506434240055084,0.27485234638816797,0.5285006267902549
Khmer,0.10072776078755488,0.12338499171734306,0.14684710486644503,0.09018708876170958,0.13619898310559225,0.14966127041891975,0.1187774664158062,0.28046483579010634,0.11069393037811705,1.0,0.12067411979485125,0.08472160958581053,0.12015423546675116,0.09321715267602991,0.09829296844265577,0.09050918103230142,0.07323065010497022,0.10592373945920533,0.19984658313189096,0.08330832015338553,0.1006388363723277,0.1415745306489944,0.09178252102509651,0.11971633935639778,0.11148532351790746,0.11665042364033501,0.11370165590286539,0.1098519976013462,0.07340268765328258,0.1522901903697921,0.1222401090644076,0.155451617988636,0.13431851781662044,0.09805791969408031,0.1150920069811531,0.11987243339361889,0.18914047263515527,0.12470173195421362,0.1394292968145343,0.14155925013975892,0.09033915101096468,0.11668872722296854,0.09089672524379237,0.06864207404834839,0.11066043971563351,0.09921272794341159,0.09509798853548566,0.1495401710848862,0.17242028036196697,0.08307806566162582,0.12492766473941515,0.07578604982634558,0.1391345580013063,0.10956772114998067,0.16296396579678216,0.09810889120074236,0.11240065775984888,0.1270085307580494,0.14739096952170383,0.16506316401675875
Chinese,0.7445737220441284,0.5732295217784825,0.07300409460121182,0.6434781660223372,0.5010723354569341,0.43760730605742243,0.6064100736082035,0.11960999882185197,0.5909145200526019,0.12067411979485125,1.0,0.5838025850373791,0.6210257529195906,0.6326547235323243,0.6304590173934124,0.5901658462804403,0.6423735691144219,0.6839874749989281,0.13857462724897432,0.6634441223859646,0.5668632168986462,0.15204343737062032,0.5618250703409272,0.5854018871671983,0.6147538334171514,0.5053543443780221,0.6236132716045582,0.45302421888380023,0.6501058226363924,0.25373736784340734,0.6778189718857377,0.21982535502560116,0.5178604706202219,0.43003352570816733,0.5403254489078586,0.5613728533955056,0.16730141096771675,0.6214039523234414,0.3071629931302562,0.3582054967320899,0.6261942996166693,0.5364118247622196,0.6234986771229216,0.6571315291107698,0.6168965283647787,0.6792494468923148,0.5699633831569922,0.22003588139348249,0.16169539519274836,0.6715957188278355,0.5067328629324993,0.6444842495167253,0.2966197080187028,0.2201832231090855,0.6019722615775116,0.6158727677856445,0.6218781677182689,0.4635500862547792,0.28300917527371494,0.6437705737111034
Croatian,0.6453842614594688,0.5550910764345557,0.07028074809177451,0.5644815907314258,0.5219985156511154,0.371288096339037,0.6858198120383789,0.06368821719194812,0.5528318976655774,0.08472160958581053,0.5838025850373791,1.0,0.6896897674439392,0.6012819403587201,0.6022916963443663,0.6069185620277838,0.6209417949990484,0.6052101717829333,0.1715154863973907,0.6082819983811506,0.569487121569886,0.1917729297423718,0.5177128031022704,0.5311783873965022,0.6043862296265022,0.4948619299534843,0.5838700336950169,0.4330375608624331,0.6254032157485473,0.24645021636452563,0.5545718498152481,0.25044818168585936,0.5615347430994609,0.4184771645446286,0.5836285948677251,0.7476153966367235,0.2020907172758828,0.5625905075619483,0.2675713378513134,0.36778144792471934,0.6169913316688949,0.49967857337057126,0.6743606185677641,0.6118587062587657,0.6441369322325788,0.6563897272764786,0.8507276823542104,0.2214259745956459,0.15477345694112407,0.5954841793193185,0.5303557114879293,0.6103602734662466,0.2489690366460241,0.21445690327406364,0.4491324179550265,0.5885141826823711,0.6432001212091175,0.4227038698277558,0.29481087463293937,0.5418237296894591
Czech,0.6514185897893457,0.5542332170301747,0.05798832796157541,0.5481796201540077,0.5452742020129026,0.3927508752604172,0.6423697221380512,0.08758911952353389,0.556377881683052,0.12015423546675116,0.6210257529195906,0.6896897674439392,1.0,0.6203170404894262,0.5917035533525044,0.609591250852131,0.6275883904821387,0.607683985171853,0.17237802222320225,0.6256170752685324,0.565571570085497,0.14731095273583997,0.5394749099126123,0.5480056160637496,0.6468139025259849,0.5310117094715575,0.5374529550189389,0.46088013881858825,0.6038832804457298,0.24858671435902488,0.5670138974048113,0.23812564957163124,0.567163961375301,0.42494639201230383,0.5935060739594283,0.623952073176518,0.18630461643678078,0.5248942301020681,0.26740761386203143,0.36847168803281233,0.6078585652193788,0.5321486183202158,0.7027034073543793,0.604280309943708,0.6123513487305923,0.6709023412072925,0.6504840280146792,0.2079100662916849,0.14143336942664003,0.5970672827551178,0.49647618335422816,0.6135852367044758,0.23771457961064987,0.20416801471773072,0.48295412914406105,0.5691973041194202,0.6520786067028463,0.4357202735313123,0.2740311560032181,0.5774023888848352
Danish,0.6894323405032748,0.611909381102075,0.07098932148770343,0.5785258598350658,0.45785087123159846,0.3956086898400717,0.6175431386504903,0.08147550262768595,0.5699542851300984,0.09321715267602991,0.6326547235323243,0.6012819403587201,0.6203170404894262,1.0,0.6629975704187212,0.6310496956802784,0.6574079083656558,0.6519102524764281,0.13714703516999052,0.681550269292837,0.548831736978496,0.15403295018119212,0.5043492932368121,0.510275210412535,0.5890927719640824,0.5842803121892055,0.5835035800893568,0.4407396635230539,0.6059854664092562,0.23844002853619173,0.5525007951610339,0.23994505414144474,0.5325830200296612,0.4153989195607826,0.5292548324876986,0.5788052209363402,0.17266080644192539,0.5644168095061549,0.268408016979685,0.3198249606807113,0.8486498400964063,0.46392586284235154,0.592320650034604,0.6480895013621847,0.6079535798306194,0.6171829078533962,0.5803366333879465,0.19238183558023592,0.12259452314248101,0.6222257594146082,0.4738867386777278,0.7636521531442125,0.25800611415554187,0.1883093294787804,0.47587272992525964,0.5766020056552227,0.5837361264372611,0.41123943660085066,0.272813444501534,0.5521056517432293
Dutch,0.7003843529011169,0.7188951931876523,0.08843338933635218,0.5861743991986588,0.46405865011378733,0.38329812173966277,0.5623749302160791,0.08291486749219591,0.5558973267207389,0.09829296844265577,0.6304590173934124,0.6022916963443663,0.5917035533525044,0.6629975704187212,1.0,0.5887090966428347,0.6355851884631188,0.6885208175588718,0.1278177213853407,0.7018275643584039,0.546520034215374,0.16700398784920134,0.4998914159214693,0.5346068563087257,0.5931504938450957,0.5033314763668111,0.5979055260796896,0.44058171816877517,0.634802576196739,0.22380745571787491,0.5916215367993175,0.2395343990738648,0.4835701077720975,0.41456244074313586,0.49804018360183033,0.544043369003494,0.1987512475481491,0.5697791432993755,0.2706712593933904,0.3331626549608374,0.6596456007114846,0.48461101494893694,0.5874984493933095,0.6489521142912229,0.6014607748034418,0.6124464222291495,0.5722040768049146,0.22277311192039945,0.14782450915311154,0.6507124581367417,0.49434845387329723,0.659595225838465,0.2658938045796953,0.21902120182777504,0.4733514261984912,0.5786782482907081,0.5839272933524856,0.4382331277051923,0.2553851582909029,0.5504228766926942
Estonian,0.620550021458561,0.578571924179144,0.08158816412274517,0.5470361645850611,0.5031849679884918,0.40419922010652415,0.6066434114643826,0.08641023893424686,0.5377500890920424,0.09050918103230142,0.5901658462804403,0.6069185620277838,0.609591250852131,0.6310496956802784,0.5887090966428347,1.0,0.7216776487318676,0.5923487348490256,0.19582376870885274,0.6062721111940953,0.5417395801727074,0.17915161066660545,0.5075112721004439,0.5398769886551787,0.6232375510910984,0.5415507337811118,0.5610276450960594,0.45697307512814367,0.5653692002961483,0.2878154972439926,0.5536739265875802,0.2606635762420353,0.5967133592597251,0.4342376880255422,0.589452018657509,0.5727654762755177,0.1974162894351263,0.5531618452550066,0.2911823980509458,0.35023355938699113,0.61948692195806,0.49714611951258736,0.5799249791706993,0.5842746180146808,0.6162597398174539,0.6217187295197356,0.5839379453907104,0.2206886045255099,0.14987677717283795,0.5848872001692234,0.5235091248084824,0.6232684779154808,0.2718120923927916,0.2172823089961856,0.4561356218358239,0.5984433426488037,0.6175085008528072,0.44947042785133895,0.32862767261821785,0.5254400240979104
Finnish,0.6833043833288727,0.5862995822179784,0.06322181780343954,0.5840460042143453,0.46938632937731634,0.40615801184625255,0.587402093098022,0.0806647723653361,0.5761215776923239,0.07323065010497022,0.6423735691144219,0.6209417949990484,0.6275883904821387,0.6574079083656558,0.6355851884631188,0.7216776487318676,1.0,0.6538578396931991,0.14340085238754302,0.6393620623147305,0.5783875131383188,0.15201839080386792,0.5225525023922206,0.5448774120050395,0.6472206602424201,0.5509630954112615,0.6092496025719968,0.44948264788108655,0.6438962344739622,0.24481582430787013,0.5945927315232383,0.21919253610936332,0.5348420951652898,0.42249205185370814,0.5662042842268845,0.5682715285330605,0.18511675720005755,0.5972329320363443,0.2944922111250711,0.338035134963316,0.673054363637068,0.49506179428811736,0.6070861743970742,0.6233345410721924,0.5986585221762895,0.629947709159689,0.5912392026828024,0.19213591088643472,0.15001033485995266,0.6523894331394982,0.5383598818602241,0.7143654799094286,0.2898218885129206,0.21277636019121074,0.5059356268908433,0.6141823689803906,0.5891748854523003,0.43857098143247214,0.273739230682058,0.579780387908145
French,0.7517301483300912,0.6166385821381118,0.06421948384326992,0.6710738158721581,0.4769964128543683,0.41987828628986645,0.593585554085078,0.07496015821139816,0.6335097335425807,0.10592373945920533,0.6839874749989281,0.6052101717829333,0.607683985171853,0.6519102524764281,0.6885208175588718,0.5923487348490256,0.6538578396931991,1.0,0.13008670006453593,0.6684586034076753,0.5845121293432892,0.14202797160887073,0.5570291873182623,0.5654260873464539,0.6143440984436928,0.5020038393028192,0.6094069313806088,0.46344189737125685,0.6953776578248694,0.22672045309053676,0.6222964087800058,0.22248579431634052,0.498135793682161,0.4319580880025144,0.5267295071053198,0.5617670549560848,0.2490815287793215,0.5938303112641292,0.293881949236991,0.3340580124875152,0.6600167288472149,0.5019291883756386,0.6133606771203568,0.7146995611126273,0.658935712003873,0.6589726378182518,0.5819331373957236,0.20493260719665368,0.14150416626525086,0.7219267236248824,0.5194405336746103,0.6588491949103049,0.29461605392224743,0.20172266530224733,0.5158727728079541,0.6013925420634568,0.6066495820574431,0.450527864872287,0.2606015959652429,0.5954657899677758
Georgian,0.15031353845084153,0.16881465303883644,0.18512538824870056,0.11499549985718088,0.25069738974373296,0.2139493785361672,0.19932389111245066,0.19857580117642212,0.13948054637600116,0.19984658313189096,0.13857462724897432,0.1715154863973907,0.17237802222320225,0.13714703516999052,0.1278177213853407,0.19582376870885274,0.14340085238754302,0.13008670006453593,1.0,0.13503983536825623,0.17837018067042504,0.17132169338075628,0.17566474065094465,0.17522637653271744,0.17472262147164133,0.1711090236306915,0.12849118021342457,0.16331043884072005,0.12090984585926037,0.2583228633801029,0.17024665929705565,0.21858827137603087,0.25164032787055146,0.15366107068065887,0.24647016579064035,0.20725368336995034,0.20722258554907635,0.1262602424288791,0.20429351519225655,0.2067560844960436,0.13966334453407872,0.16308373832950482,0.16728011359343833,0.1191210200242868,0.18231286005872033,0.20379874474035778,0.1912034061566232,0.18211694647148557,0.21734067265328097,0.12823266433921834,0.17924403773019015,0.13184399913818812,0.17999177450081297,0.17548494810530288,0.13856118645436052,0.16955026332838277,0.21812356252953843,0.1874884385609043,0.2581952272246781,0.14480298915810474
German,0.7162275165497117,0.6143831606107234,0.08023603660873958,0.5769883411192522,0.47285673415240437,0.3852670653866415,0.5883893937917141,0.09461190499613337,0.5423386331674362,0.08330832015338553,0.6634441223859646,0.6082819983811506,0.6256170752685324,0.681550269292837,0.7018275643584039,0.6062721111940953,0.6393620623147305,0.6684586034076753,0.13503983536825623,1.0,0.5606085867297931,0.15993274676864797,0.5097809090039542,0.538732557173558,0.6187811347434138,0.5184723236516575,0.579383887078841,0.4317704078722714,0.6533357898443771,0.2320404312399944,0.5796392381315895,0.24229803789900337,0.5062059472494203,0.43937563420968434,0.5154851949430002,0.5619249816341731,0.16126471075803844,0.5576835432713385,0.2742901937701309,0.3396566947792761,0.66541030076394,0.49100966830917203,0.6249146542703456,0.6458455808887393,0.6069950114666092,0.6495466076441002,0.582812924509809,0.20621471046136985,0.14015214487087252,0.6428772229201543,0.4778067430844055,0.6698866483559701,0.2541238150132587,0.2036244375297118,0.4716946311748051,0.5904790381393729,0.5901884750791511,0.43112256486486006,0.2546615648563349,0.5500031256848787
Greek,0.6159593375474091,0.5253470555698927,0.09520073157857323,0.593063296507908,0.45071765029578187,0.3986259399780133,0.6170835351833343,0.0813360651292181,0.5667144058413073,0.1006388363723277,0.5668632168986462,0.569487121569886,0.565571570085497,0.548831736978496,0.546520034215374,0.5417395801727074,0.5783875131383188,0.5845121293432892,0.17837018067042504,0.5606085867297931,1.0,0.13825489062716004,0.555579553376719,0.5062426522867343,0.5777188840307805,0.4912926389452216,0.5233913621514836,0.4463455638813561,0.597668987730594,0.21513208748564608,0.5356771039863494,0.23339995069832567,0.5075180766267325,0.42521720891283665,0.5342643603844477,0.5835970780834288,0.21908607848705486,0.5127002478156599,0.2862953103929586,0.3440318755338437,0.542777618443301,0.5049534139783475,0.5471898492532782,0.578548546223946,0.5982090902760262,0.5880177488902913,0.5740975155352684,0.18205635005023796,0.16472075841875158,0.6090556466173662,0.4975753835236002,0.5468425861370346,0.28154532270235455,0.21463982491228545,0.4818094335807993,0.5535780084617773,0.563023214404652,0.399327451888576,0.23202812540372605,0.5271939657771838
Hausa,0.17996729856923133,0.21097129395024342,0.21635903236946802,0.1569986112484406,0.22391200657263696,0.19106838794027622,0.16658421829990866,0.19337405783645578,0.17552918932916908,0.1415745306489944,0.15204343737062032,0.1917729297423718,0.14731095273583997,0.15403295018119212,0.16700398784920134,0.17915161066660545,0.15201839080386792,0.14202797160887073,0.17132169338075628,0.15993274676864797,0.13825489062716004,1.0,0.1408134240515448,0.20156782285208535,0.16163044353728112,0.17469288710543737,0.2080235043577634,0.22980697443543396,0.16798780493535587,0.2740487277467893,0.1537156524061219,0.3249709768768113,0.18136561054100048,0.2025396093113405,0.17673336768634715,0.20570602017855794,0.28728794160698085,0.2232618976125265,0.15641279100790656,0.2487796448502383,0.16290495964174803,0.17793210400256598,0.16389080053364638,0.14701339015796602,0.1793935433069069,0.1440703899076693,0.1943348452475609,0.24913282521189634,0.1642250528783433,0.15595590358417383,0.28558955206632286,0.14669903162930892,0.15801747803478677,0.17449897826777905,0.12144217223146055,0.21017226446045972,0.1803761329388706,0.21871499808506228,0.29946978239363986,0.16976734344642005
Hebrew,0.5619350877278065,0.48839478756075483,0.11387306236632165,0.6263007473900071,0.45416911398869747,0.4148399516549036,0.5423599004681051,0.07987208159044702,0.4939597530659507,0.09178252102509651,0.5618250703409272,0.5177128031022704,0.5394749099126123,0.5043492932368121,0.4998914159214693,0.5075112721004439,0.5225525023922206,0.5570291873182623,0.17566474065094465,0.5097809090039542,0.555579553376719,0.1408134240515448,1.0,0.5167763008811004,0.5469614080526372,0.47526564841946384,0.5139964192274911,0.4498217413788139,0.5180814746959562,0.2250900933833141,0.542263062770388,0.2482941819306098,0.4836962147708311,0.3787377607797542,0.4980746984613952,0.5142148250830115,0.2023188303924564,0.5148133266204779,0.2939305073610326,0.3443036732368753,0.518306424449029,0.515499905477168,0.5211739554698557,0.5320266383461162,0.541104909779757,0.5504571725047501,0.5098603670178685,0.2024656039790082,0.1536398175722931,0.5233046982758772,0.4861142763803113,0.5111239886741121,0.2822114857311802,0.23412901257948993,0.4806146414946203,0.5141026517652924,0.541509977781563,0.42597009119796486,0.26804165645269573,0.4883112891853945
Hindi,0.6067508159879389,0.5270662336036855,0.09075866207716733,0.5596062472124305,0.4605933058807067,0.5779087129183093,0.5230478113440746,0.1053351374016793,0.5010114399301938,0.11971633935639778,0.5854018871671983,0.5311783873965022,0.5480056160637496,0.510275210412535,0.5346068563087257,0.5398769886551787,0.5448774120050395,0.5654260873464539,0.17522637653271744,0.538732557173558,0.5062426522867343,0.20156782285208535,0.5167763008811004,1.0,0.5411496159634215,0.4761446983776446,0.5496309551523377,0.46856749602287084,0.5278963257011847,0.2589070239137134,0.5759723010143338,0.25007958378414563,0.4853098531338293,0.4157036331954369,0.48086267196968246,0.515978644652437,0.2055268009571238,0.5533470324788512,0.4013067899105477,0.5445555127421164,0.5100624570355253,0.5484195559476622,0.5220282749156188,0.529747343624395,0.5326892810293004,0.5550994586652562,0.5319891333434731,0.3200238971572752,0.20739787939716825,0.5483974408841888,0.514200046843985,0.5232663306132637,0.36204553947642154,0.3258755337670392,0.5170218711928284,0.555118556206996,0.5441266976631144,0.6488861930038492,0.3157023195593271,0.5339001738379764
Hungarian,0.6426367779527288,0.5606988518873782,0.08223279963402544,0.5543092406995669,0.49026687492662924,0.4394871952171117,0.5864604139253216,0.10230943636478491,0.5797882472090724,0.11148532351790746,0.6147538334171514,0.6043862296265022,0.6468139025259849,0.5890927719640824,0.5931504938450957,0.6232375510910984,0.6472206602424201,0.6143440984436928,0.17472262147164133,0.6187811347434138,0.5777188840307805,0.16163044353728112,0.5469614080526372,0.5411496159634215,1.0,0.5401159768553859,0.5583106002281116,0.47243041915879747,0.607123746864286,0.27095340650284305,0.5767443629037384,0.26334726768097083,0.5315230607665195,0.45131147165900937,0.5508605060008496,0.5601932811721303,0.2014489642823415,0.555162854444249,0.2947682230851856,0.35480299662839154,0.584560621254227,0.5312818736012128,0.620760850774257,0.6000164794475106,0.6214432999262501,0.6138678892814096,0.5734676318205184,0.2026643537738913,0.14365359993811105,0.6089955101752896,0.48419088967461466,0.6136631884737841,0.26471184681313714,0.20593496962831145,0.48697891841579805,0.631816965101902,0.5911855869386284,0.4339082976514172,0.2945802112524216,0.568339490211579
Icelandic,0.549523747863792,0.5226291838574005,0.0986097871367083,0.4844773568344517,0.4250691227605299,0.4069437811669753,0.5071173665606628,0.11098586190288148,0.5145235815520968,0.11665042364033501,0.5053543443780221,0.4948619299534843,0.5310117094715575,0.5842803121892055,0.5033314763668111,0.5415507337811118,0.5509630954112615,0.5020038393028192,0.1711090236306915,0.5184723236516575,0.4912926389452216,0.17469288710543737,0.47526564841946384,0.4761446983776446,0.5401159768553859,1.0,0.46599684642946615,0.5343869984332826,0.4715198787466063,0.2604138125397819,0.5058457245152385,0.2741696577640909,0.49348582591145357,0.40531398475254615,0.4803566983158235,0.5051069734079342,0.20377396349646543,0.4690533966969402,0.2865076790560309,0.3356475950620245,0.593242863763467,0.4628790211768312,0.48745379748218065,0.5045971704374351,0.4945755841905165,0.4925212692486414,0.4902126730220124,0.2086824787618269,0.1701366908364078,0.5218676720398299,0.4402210618882063,0.5811433863139025,0.2795400856033525,0.2047803002112787,0.44706508006463413,0.500779072762572,0.4875941818733805,0.4193481451286198,0.2892650907289146,0.5000704406352893
Indonesian,0.6517514400532698,0.5673273844148556,0.09758033115911093,0.5890830854180668,0.44730765364786984,0.4198536993985138,0.5500288263155819,0.10693389456975767,0.5188055552669675,0.11370165590286539,0.6236132716045582,0.5838700336950169,0.5374529550189389,0.5835035800893568,0.5979055260796896,0.5610276450960594,0.6092496025719968,0.6094069313806088,0.12849118021342457,0.579383887078841,0.5233913621514836,0.2080235043577634,0.5139964192274911,0.5496309551523377,0.5583106002281116,0.46599684642946615,1.0,0.4030913463119592,0.6080404795614891,0.2531786961522361,0.5965399214189575,0.27754893068538145,0.48504395005172396,0.4095531986051341,0.5134242771685932,0.5452341005541665,0.23502986156812924,0.8657696997672385,0.28544639085683,0.3542123008662733,0.5836847973675767,0.5124752640189679,0.5688131388034482,0.618530745752496,0.6057993327817658,0.581454725836441,0.5619962322693229,0.2308709650512355,0.16669153280795934,0.6023932161635778,0.5431496930620251,0.5902378405901049,0.2768808175647969,0.22204541926716137,0.5318321923619905,0.591968182239354,0.5504204881483183,0.44296306757602566,0.3028433963484349,0.6162319307737378
Irish,0.5086790577534868,0.48033395477089946,0.09893859964891596,0.44867890525604,0.3998686927374927,0.4098152377307647,0.423463094771775,0.11706115692239019,0.4696874888713366,0.1098519976013462,0.45302421888380023,0.4330375608624331,0.46088013881858825,0.4407396635230539,0.44058171816877517,0.45697307512814367,0.44948264788108655,0.46344189737125685,0.16331043884072005,0.4317704078722714,0.4463455638813561,0.22980697443543396,0.4498217413788139,0.46856749602287084,0.47243041915879747,0.5343869984332826,0.4030913463119592,1.0,0.42806718626313,0.24519668699669409,0.4552607837313808,0.2911246400243231,0.40884471437691566,0.41071938884858217,0.4117318651076809,0.4196324804546432,0.22784644783976707,0.4208078915801661,0.30945377103108584,0.3641187866057931,0.43794284208620726,0.44452554993724913,0.4259310012244389,0.4577069683378637,0.4645156762460236,0.40858365300485777,0.41644012369396594,0.2432046836710204,0.19569925323498552,0.4639182885880351,0.4253522581985151,0.44145335642439554,0.2927685753243312,0.23592643980799277,0.41757042526723853,0.4493398366688863,0.445956470535403,0.44381641783083997,0.2730119736662626,0.4654062529902413
Italian,0.706674363946141,0.5542107558229178,0.06870680527975102,0.6023975341283841,0.46754461471824715,0.3708211437633914,0.5900594521359023,0.07219859396616794,0.630592940343197,0.07340268765328258,0.6501058226363924,0.6254032157485473,0.6038832804457298,0.6059854664092562,0.634802576196739,0.5653692002961483,0.6438962344739622,0.6953776578248694,0.12090984585926037,0.6533357898443771,0.597668987730594,0.16798780493535587,0.5180814746959562,0.5278963257011847,0.607123746864286,0.4715198787466063,0.6080404795614891,0.42806718626313,1.0,0.22730818470696998,0.5664245536546223,0.20902460860692199,0.4913597277834857,0.4778531228546339,0.519088007459936,0.585001798359431,0.17422963941664218,0.582843498754038,0.2626926331810884,0.3295766319775377,0.6345875279297293,0.47220692569087824,0.6286278021418136,0.6916096991700645,0.6565637354415269,0.6387662681189651,0.5910031331725153,0.19277617472577327,0.1278505996780622,0.7016952680532895,0.509032098014742,0.633626132361167,0.2633804043386492,0.1995998244326642,0.4922992982012249,0.5751253597351532,0.5870996546155088,0.41344346572882035,0.25319162570730513,0.5841595395375198
Kazakh,0.2428568997423523,0.25253311417435753,0.14900566856109515,0.22602568111534968,0.3853712936151327,0.27710703707631096,0.2940834937910463,0.18341461315987678,0.2440157065133828,0.1522901903697921,0.25373736784340734,0.24645021636452563,0.24858671435902488,0.23844002853619173,0.22380745571787491,0.2878154972439926,0.24481582430787013,0.22672045309053676,0.2583228633801029,0.2320404312399944,0.21513208748564608,0.2740487277467893,0.2250900933833141,0.2589070239137134,0.27095340650284305,0.2604138125397819,0.2531786961522361,0.24519668699669409,0.22730818470696998,1.0,0.2673637809685295,0.3663614012326986,0.32297856968527533,0.2310556722060844,0.3085695846150924,0.3005877150152096,0.23266460428615682,0.26838125764972987,0.23727752599510818,0.2659615828475499,0.2439651220083398,0.27347012847578595,0.27039119654574617,0.21114734673091665,0.26763148395204517,0.33993840888955607,0.2721604082515337,0.2297851578422108,0.1943624070281626,0.24282115029775947,0.2575178801014013,0.24204267291591525,0.21288236076556152,0.21164133673844393,0.20924512205291645,0.35556708929722874,0.3341338519916741,0.2867255302100555,0.5208130832665373,0.23657766241937808
Korean,0.6614887970819174,0.57399941447223,0.09440087287682788,0.5964330725360418,0.48574535998865914,0.4577847611109889,0.5529709084274431,0.12325638267113267,0.5240248624489264,0.1222401090644076,0.6778189718857377,0.5545718498152481,0.5670138974048113,0.5525007951610339,0.5916215367993175,0.5536739265875802,0.5945927315232383,0.6222964087800058,0.17024665929705565,0.5796392381315895,0.5356771039863494,0.1537156524061219,0.542263062770388,0.5759723010143338,0.5767443629037384,0.5058457245152385,0.5965399214189575,0.4552607837313808,0.5664245536546223,0.2673637809685295,1.0,0.24999474645339984,0.48467612263536464,0.40520846656373527,0.5278364927897186,0.5364267656954147,0.1967173209409996,0.5902957105594859,0.320615500050986,0.3662080208716089,0.5689019163413366,0.5411911631533427,0.5900945480669458,0.6008689071738057,0.569098905590137,0.6085280513792719,0.5484319031323883,0.24298805892308978,0.17887329240187227,0.6090634275339424,0.4997671199505161,0.5885039769907529,0.3079008408190838,0.24242758839833892,0.571428460896841,0.6312769085964987,0.5806370053248151,0.4857826411102989,0.2907826901640608,0.6058280463728903
Kurdish,0.2359838489343448,0.25799577718845884,0.22145998751625773,0.24365928183101318,0.3046563188987562,0.2686600467460229,0.2691720973510623,0.20260732951206775,0.25552137822166787,0.155451617988636,0.21982535502560116,0.25044818168585936,0.23812564957163124,0.23994505414144474,0.2395343990738648,0.2606635762420353,0.21919253610936332,0.22248579431634052,0.21858827137603087,0.24229803789900337,0.23339995069832567,0.3249709768768113,0.2482941819306098,0.25007958378414563,0.26334726768097083,0.2741696577640909,0.27754893068538145,0.2911246400243231,0.20902460860692199,0.3663614012326986,0.24999474645339984,1.0,0.26418285040521494,0.24824404829794355,0.2612843344345993,0.29095151106995887,0.2693491312538511,0.27681365002987945,0.20665142901658096,0.2656350113375866,0.23479063814928344,0.3292930064398772,0.24252009065322763,0.21670080616494744,0.2913187116851947,0.2102915894472879,0.26075625205151176,0.2617294346993518,0.18797771479307118,0.22488773052349675,0.27192211706446445,0.22345712352047462,0.18798909349466433,0.19683522980565843,0.18988683206575852,0.37007360503686354,0.24408261287446423,0.2714253220181488,0.37891970323742363,0.23600190653817885
Latvian,0.5321887589689878,0.48460667817337755,0.09109876877861899,0.4655250740538834,0.5306301359193413,0.3804339816192192,0.5862587191333148,0.12670550626524055,0.5003488725601479,0.13431851781662044,0.5178604706202219,0.5615347430994609,0.567163961375301,0.5325830200296612,0.4835701077720975,0.5967133592597251,0.5348420951652898,0.498135793682161,0.25164032787055146,0.5062059472494203,0.5075180766267325,0.18136561054100048,0.4836962147708311,0.4853098531338293,0.5315230607665195,0.49348582591145357,0.48504395005172396,0.40884471437691566,0.4913597277834857,0.32297856968527533,0.48467612263536464,0.26418285040521494,1.0,0.3925452104969215,0.6352209754452659,0.5608348959160132,0.21823019009863573,0.487494405992969,0.27618039910844666,0.3458296475191919,0.5277624877967485,0.44910548641391984,0.5412501548361044,0.477941153901922,0.5463675351050231,0.6006986588223755,0.551890974485832,0.22393322085756315,0.17019615885426673,0.4990780097818062,0.450705495259891,0.5256940918514891,0.2641214101046383,0.21537777461520677,0.4255348697930825,0.507449507841546,0.6051789478400178,0.40314434829274576,0.35365385213869555,0.46839346424067146
Latin,0.4726851667678901,0.4244029523336018,0.11049790321571841,0.3876949483033977,0.3760352504235337,0.3481664373736929,0.4201627742190148,0.09283202797146682,0.4450986507772486,0.09805791969408031,0.43003352570816733,0.4184771645446286,0.42494639201230383,0.4153989195607826,0.41456244074313586,0.4342376880255422,0.42249205185370814,0.4319580880025144,0.15366107068065887,0.43937563420968434,0.42521720891283665,0.2025396093113405,0.3787377607797542,0.4157036331954369,0.45131147165900937,0.40531398475254615,0.4095531986051341,0.41071938884858217,0.4778531228546339,0.2310556722060844,0.40520846656373527,0.24824404829794355,0.3925452104969215,1.0,0.4153426287756846,0.4200312733977273,0.20563608931408456,0.41321074184480433,0.25833758655867767,0.32497087579197825,0.41172710345228214,0.3776278132121106,0.42377570475502796,0.43964189842998347,0.48466481829372166,0.41094961827311355,0.41563171626731554,0.2178683529954388,0.1528086976638092,0.43702717481371345,0.39600640191677194,0.40790996892787484,0.2576094873503667,0.2035560339837896,0.3627403337323074,0.42085360163516927,0.4120236652604876,0.3699196368447212,0.2680169030350057,0.386564648557582
